bones:
- name: NOSE
  parent: null
  head:
  - 0.5213532015555704
  - -0.06693339304905808
  - 1.8577077043699466
  tail:
  - 0.4789524427813522
  - -0.11509620936975404
  - 1.9645124295449168
  matrix: '[[-0.3402997209874703, 0.7505783976013568, 0.5664169567995202, 0.5213532015555704],
    [-0.38654480319982915, -0.6607814079210913, 0.6433902750780631, -0.06693339304905808],
    [0.8571926358847556, 0.0, 0.5149959077361147, 1.8577077043699466], [0.0, 0.0,
    0.0, 1.0]]'
  local_matrix: '[[-0.3402997209874703, 0.7505783976013568, 0.5664169567995202, 0.5213532015555704],
    [-0.38654480319982915, -0.6607814079210913, 0.6433902750780631, -0.06693339304905808],
    [0.8571926358847556, 0.0, 0.5149959077361147, 1.8577077043699466], [0.0, 0.0,
    0.0, 1.0]]'
- name: LEFT_EYE_INNER
  parent: NOSE
  head:
  - 0.5213532015555704
  - -0.06693339304905808
  - 1.8577077043699466
  tail:
  - 0.4789524427813522
  - -0.11509620936975404
  - 1.9645124295449168
  matrix: '[[-0.3402997209874703, 0.7505783976013568, 0.5664169567995202, 0.5213532015555704],
    [-0.38654480319982915, -0.6607814079210913, 0.6433902750780631, -0.06693339304905808],
    [0.8571926358847556, 0.0, 0.5149959077361147, 1.8577077043699466], [0.0, 0.0,
    0.0, 1.0]]'
  local_matrix: '[[1.0, 0.0, -5.551115123125783e-17, 0.0], [0.0, 1.0000000000000002,
    5.551115123125783e-17, 0.0], [-5.551115123125783e-17, 5.551115123125783e-17, 1.0,
    0.0], [0.0, 0.0, 0.0, 1.0]]'
- name: LEFT_EYE
  parent: LEFT_EYE_INNER
  head:
  - 0.4789524427813522
  - -0.11509620936975404
  - 1.9645124295449168
  tail:
  - 0.46055898861456535
  - -0.14489280735140359
  - 1.967507045004261
  matrix: '[[-0.5233689955673418, 0.8509298241775614, 0.04475856123666361, 0.4789524427813522],
    [-0.8478350730413156, -0.5252793869219926, 0.07250692791645916, -0.11509620936975404],
    [0.08520905702951283, 0.0, 0.996363094760209, 1.9645124295449168], [0.0, 0.0,
    0.0, 1.0]]'
  local_matrix: '[[0.5788691408161097, -0.08652716450485273, 0.810816605413067, 0.12459827663443601],
    [0.1674041912019547, 0.9857843967446402, -0.014316420740713785, -5.551115123125783e-17],
    [-0.7980515989451049, 0.14402143221602792, 0.5851251767644302, 0.0], [0.0, 0.0,
    0.0, 1.0]]'
- name: LEFT_EYE_OUTER
  parent: LEFT_EYE
  head:
  - 0.46055898861456535
  - -0.14489280735140359
  - 1.967507045004261
  tail:
  - 0.4390357554555986
  - -0.18035828589875064
  - 1.9703059477683893
  matrix: '[[-0.51763619265173, 0.8548877894723765, 0.03492333701201164, 0.46055898861456535],
    [-0.8529487716938173, -0.5188129406742217, 0.05754585523714732, -0.14489280735140359],
    [0.0673139281503409, 0.0, 0.9977318452755584, 1.967507045004261], [0.0, 0.0, 0.0,
    1.0]]'
  local_matrix: '[[0.99981037470961, -0.007553956247634441, 0.01794860351219804, 0.035144332817896445],
    [0.007564333470116147, 0.9999712597918247, -0.000510342535545695, 0.0], [-0.017944232560411832,
    0.0006460149839833604, 0.9998387805953809, 0.0], [0.0, 0.0, 0.0, 1.0]]'
- name: RIGHT_EYE_INNER
  parent: NOSE
  head:
  - 0.5213532015555704
  - -0.06693339304905808
  - 1.8577077043699466
  tail:
  - 0.46055666039644944
  - -0.03894059670681689
  - 1.9593105649815223
  matrix: '[[-0.49969456771111403, -0.4182309738178796, 0.7585434671390632, 0.5213532015555704],
    [0.23007638264570823, -0.9083407139060476, -0.349259224086233, -0.06693339304905808],
    [0.8350869398743272, 0.0, 0.550117989936097, 1.8577077043699466], [0.0, 0.0, 0.0,
    1.0]]'
  local_matrix: '[[0.7969414671041418, 0.4934382661937479, 0.3484292976567928, 0.0],
    [-0.5270901439767335, 0.2862995216514083, 0.8001303418973444, 0.0], [0.2950597873863603,
    -0.8213106972138394, 0.48825040758777977, 0.0], [0.0, 0.0, 0.0, 1.0]]'
- name: RIGHT_EYE
  parent: RIGHT_EYE_INNER
  head:
  - 0.46055666039644944
  - -0.03894059670681689
  - 1.9593105649815223
  tail:
  - 0.4662558571996927
  - -0.027425161218943755
  - 1.960270668545383
  matrix: '[[0.442332937516848, -0.8962416333852664, -0.033053093268647346, 0.46055666039644944],
    [0.8937498707252944, 0.44356615581771974, -0.06678498327925098, -0.03894059670681689],
    [0.07451671601886205, 0.0, 0.9972197646626165, 1.9593105649815223], [0.0, 0.0,
    0.0, 1.0]]'
  local_matrix: '[[0.0468273075993523, 0.549901172153757, 0.8339160054387489, 0.12166740462599757],
    [-0.9968267308374464, -0.02807318753318172, 0.07448734677551787, 0.0], [0.06437135971008441,
    -0.834757807394247, 0.5468415959337989, 2.220446049250313e-16], [0.0, 0.0, 0.0,
    1.0]]'
- name: RIGHT_EYE_OUTER
  parent: RIGHT_EYE
  head:
  - 0.4662558571996927
  - -0.027425161218943755
  - 1.960270668545383
  tail:
  - 0.4728924259026584
  - -0.01657612782269012
  - 1.960913136214462
  matrix: '[[0.5211634580740484, -0.8530507104362738, -0.026327464603874903, 0.4662558571996927],
    [0.8519643229227349, 0.5218280228429368, -0.04303843680522518, -0.027425161218943755],
    [0.050452377893471456, 0.0, 0.9987264678403664, 1.960270668545383], [0.0, 0.0,
    0.0, 1.0]]'
  local_matrix: '[[0.995730312327054, 0.08905130135859973, 0.024310714498090163, 0.012884405206714244],
    [-0.08918584931231499, 0.9960048121722707, 0.004505375913372033, 0.0], [-0.02381237903924853,
    -0.006654311085274096, 0.9996942986475774, -2.220446049250313e-16], [0.0, 0.0,
    0.0, 1.0]]'
- name: LEFT_EAR
  parent: LEFT_EYE_OUTER
  head:
  - 0.4390357554555986
  - -0.18035828589875064
  - 1.9703059477683893
  tail:
  - 0.18462305848505656
  - -0.17416613467601863
  - 1.9304317471279764
  matrix: '[[-0.9876540553381279, -0.02433179647028241, -0.1547495740048379, 0.4390357554555986],
    [0.024038514347836732, -0.9997039380139146, 0.003766450241287549, -0.18035828589875064],
    [-0.1547954030392986, 0.0, 0.9879465487554988, 1.9703059477683893], [0.0, 0.0,
    0.0, 1.0]]'
  local_matrix: '[[0.4803219769377477, 0.8652912644716944, 0.14339395419469425, 0.0415798459700204],
    [-0.8568048844496811, 0.4978583841862274, -0.13424760436837335, -5.551115123125783e-17],
    [-0.18755316167364988, -0.058378565625194175, 0.9805181051983501, 2.220446049250313e-16],
    [0.0, 0.0, 0.0, 1.0]]'
- name: RIGHT_EAR
  parent: RIGHT_EYE_OUTER
  head:
  - 0.4728924259026584
  - -0.01657612782269012
  - 1.960913136214462
  tail:
  - 0.06898797179370919
  - 0.1668573134771684
  - 1.914591683415075
  matrix: '[[-0.9055782370206655, -0.41350495067512505, -0.09456062817952089, 0.4728924259026584],
    [0.4112688797884665, -0.9105018702710953, 0.04294476394599772, -0.01657612782269012],
    [-0.10385550130870806, 0.0, 0.9945923963352611, 1.960913136214462], [0.0, 0.0,
    0.0, 1.0]]'
  local_matrix: '[[-0.12680762985246066, -0.9912187794499845, 0.03748541418851514,
    0.012734140508413594], [0.987115784842952, -0.12238469881603009, 0.10307479230923726,
    0.0], [-0.09758202869936722, 0.05007311415712826, 0.9939670170149125, 0.0], [0.0,
    0.0, 0.0, 1.0]]'
- name: MOUTH_LEFT
  parent: null
  head:
  - 0.4184524368637359
  - -0.06762603709428097
  - 1.7493086484594464
  tail:
  - 0.3835935581325514
  - 0.02622697620443025
  - 1.757727021290516
  matrix: '[[-0.34695503156332136, -0.937427918976501, 0.029173666143997388, 0.4184524368637359],
    [0.9341314573677543, -0.34817940307173073, -0.07854631520707298, -0.06762603709428097],
    [0.08378917847126968, 0.0, 0.9964835039131907, 1.7493086484594464], [0.0, 0.0,
    0.0, 1.0]]'
  local_matrix: '[[-0.34695503156332136, -0.937427918976501, 0.029173666143997388,
    0.4184524368637359], [0.9341314573677543, -0.34817940307173073, -0.07854631520707298,
    -0.06762603709428097], [0.08378917847126968, 0.0, 0.9964835039131907, 1.7493086484594464],
    [0.0, 0.0, 0.0, 1.0]]'
- name: MOUTH_RIGHT
  parent: MOUTH_LEFT
  head:
  - 0.4184524368637359
  - -0.06762603709428097
  - 1.7493086484594464
  tail:
  - 0.3835935581325514
  - 0.02622697620443025
  - 1.757727021290516
  matrix: '[[-0.34695503156332136, -0.937427918976501, 0.029173666143997388, 0.4184524368637359],
    [0.9341314573677543, -0.34817940307173073, -0.07854631520707298, -0.06762603709428097],
    [0.08378917847126968, 0.0, 0.9964835039131907, 1.7493086484594464], [0.0, 0.0,
    0.0, 1.0]]'
  local_matrix: '[[1.0000000000000002, 0.0, 1.3877787807814457e-17, 0.0], [0.0, 1.0,
    0.0, 0.0], [1.3877787807814457e-17, 0.0, 1.0000000000000002, 0.0], [0.0, 0.0,
    0.0, 1.0]]'
- name: LEFT_SHOULDER
  parent: null
  head:
  - 8.326672684688674e-17
  - -0.39114951435901324
  - 1.5359105334422172
  tail:
  - -3.3306690738754696e-16
  - 0.39114951435901396
  - 1.4640894665577824
  matrix: '[[-5.29963693538781e-16, -1.0, -4.8654742601873043e-17, 8.326672684688674e-17],
    [0.9958121290718361, -5.321924468149859e-16, 0.09142321145866926, -0.39114951435901324],
    [-0.09142321145866925, 0.0, 0.9958121290718362, 1.5359105334422172], [0.0, 0.0,
    0.0, 1.0]]'
  local_matrix: '[[-5.29963693538781e-16, -1.0, -4.8654742601873043e-17, 8.326672684688674e-17],
    [0.9958121290718361, -5.321924468149859e-16, 0.09142321145866926, -0.39114951435901324],
    [-0.09142321145866925, 0.0, 0.9958121290718362, 1.5359105334422172], [0.0, 0.0,
    0.0, 1.0]]'
- name: RIGHT_SHOULDER
  parent: LEFT_SHOULDER
  head:
  - 8.326672684688674e-17
  - -0.39114951435901324
  - 1.5359105334422172
  tail:
  - -3.3306690738754696e-16
  - 0.39114951435901396
  - 1.4640894665577824
  matrix: '[[-5.29963693538781e-16, -1.0, -4.8654742601873043e-17, 8.326672684688674e-17],
    [0.9958121290718361, -5.321924468149859e-16, 0.09142321145866926, -0.39114951435901324],
    [-0.09142321145866925, 0.0, 0.9958121290718362, 1.5359105334422172], [0.0, 0.0,
    0.0, 1.0]]'
  local_matrix: '[[0.9999999999999998, 0.0, 0.0, 0.0], [0.0, 1.0, 0.0, 0.0], [0.0,
    0.0, 1.0, 0.0], [0.0, 0.0, 0.0, 1.0]]'
- name: LEFT_ELBOW
  parent: LEFT_SHOULDER
  head:
  - 8.326672684688674e-17
  - -0.39114951435901324
  - 1.5359105334422172
  tail:
  - 0.21154546673778274
  - -0.8450270594957623
  - 1.9215064028265578
  matrix: '[[0.3347169326545982, 0.9063851085156679, -0.2577413627172367, 8.326672684688674e-17],
    [-0.7181458532376961, 0.4224524056755281, 0.5529923131621818, -0.39114951435901324],
    [0.6101074564958197, -0.0, 0.7923186805371949, 1.5359105334422172], [0.0, 0.0,
    0.0, 1.0]]'
  local_matrix: '[[-0.7709163341044689, 0.42068322952726617, 0.4782401344569861, 0.0],
    [-0.3347169326545978, -0.9063851085156681, 0.2577413627172364, 0.0], [0.5418972050169885,
    0.03862195561529729, 0.839556885350377, 0.0], [0.0, 0.0, 0.0, 1.0]]'
- name: RIGHT_ELBOW
  parent: RIGHT_SHOULDER
  head:
  - -3.3306690738754696e-16
  - 0.39114951435901396
  - 1.4640894665577824
  tail:
  - 0.04395542905501025
  - 0.6429906479490688
  - 1.166195195791012
  matrix: '[[0.1119735340455926, -0.9851079248646707, 0.13047721656351655, -3.3306690738754696e-16],
    [0.6415485493460814, 0.17193712911649503, 0.7475647680723833, 0.39114951435901396],
    [-0.7588658554087664, 0.0, 0.6512469681270854, 1.4640894665577824], [0.0, 0.0,
    0.0, 1.0]]'
  local_matrix: '[[0.7082397803950686, 0.17121707861199664, 0.6848949740343535, 0.785588973943491],
    [-0.11197353404559295, 0.9851079248646706, -0.13047721656351693, -7.395570986446986e-32],
    [-0.6970353944666545, 0.015719044512813894, 0.7168644017527437, 0.0], [0.0, 0.0,
    0.0, 1.0]]'
- name: LEFT_WRIST
  parent: LEFT_ELBOW
  head:
  - 0.21154546673778274
  - -0.8450270594957623
  - 1.9215064028265578
  tail:
  - 0.5201688452087325
  - -0.843240472631956
  - 2.776139667239166
  matrix: '[[0.33964946447005784, -0.0057887932470646825, -0.9405342796293742, 0.21154546673778274],
    [0.0019661934702660984, 0.999983244796003, -0.005444649712767997, -0.8450270594957623],
    [0.9405500387371426, 0.0, 0.3396551554614763, 1.9215064028265578], [0.0, 0.0,
    0.0, 1.0]]'
  local_matrix: '[[0.6861110050788227, -0.7200714276768546, -0.10367655353619662,
    0.632013041766492], [0.3086838398725193, 0.41719845140387646, -0.8547863704737952,
    2.7755575615628914e-17], [0.6587609397279748, 0.5544750591231528, 0.5085188620878208,
    0.0], [0.0, 0.0, 0.0, 1.0]]'
- name: RIGHT_WRIST
  parent: RIGHT_ELBOW
  head:
  - 0.04395542905501025
  - 0.6429906479490688
  - 1.166195195791012
  tail:
  - 0.34812633783556696
  - 0.49598521541186813
  - 1.278780735335732
  matrix: '[[0.8541766605847733, 0.435143449524581, -0.2846619237764219, 0.04395542905501025],
    [-0.4128225475469036, 0.900361137730771, 0.13757676366682015, 0.6429906479490688],
    [0.31616416107637735, -0.0, 0.9487044973282621, 1.166195195791012], [0.0, 0.0,
    0.0, 1.0]]'
  local_matrix: '[[-0.4091267136759501, 0.6263499316588208, -0.6635518783544413, 0.3925519492589482],
    [-0.9124357212362725, -0.27385775139012464, 0.3040772707973876, -1.3877787807814457e-17],
    [0.008739952446103594, 0.7298545712089054, 0.6835465734803333, 0.0], [0.0, 0.0,
    0.0, 1.0]]'
- name: LEFT_PINKY
  parent: LEFT_WRIST
  head:
  - 0.5201688452087325
  - -0.843240472631956
  - 2.776139667239166
  tail:
  - 0.57103482652593
  - -0.9334685703676566
  - 3.06817037150898
  matrix: '[[0.1641603656202147, 0.8711103126621687, -0.462837117713193, 0.5201688452087325],
    [-0.29119417594920727, 0.4910873885304108, 0.8209988603644, -0.843240472631956],
    [0.942474045400031, -0.0, 0.3342793349091452, 2.776139667239166], [0.0, 0.0, 0.0,
    1.0]]'
  local_matrix: '[[0.9416284360925347, 0.29683772400670877, 0.158818304828016, 0.9086526279453531],
    [-0.2921395873473245, 0.4860364827656484, 0.8236643727425222, 0.0], [0.16730316747289226,
    -0.8219829092063378, 0.5443838233509726, 5.551115123125783e-17], [0.0, 0.0, 0.0,
    1.0]]'
- name: RIGHT_PINKY
  parent: RIGHT_WRIST
  head:
  - 0.34812633783556696
  - 0.49598521541186813
  - 1.278780735335732
  tail:
  - 0.4367224592750739
  - 0.5031394704368845
  - 1.2762576961949494
  matrix: '[[0.9963541488578312, -0.08048933423329446, 0.028282099081706844, 0.34812633783556696],
    [0.08045692701151802, 0.9967554700500425, 0.0022838172392395948, 0.49598521541186813],
    [-0.02837415989328549, 0.0, 0.9995973724707115, 1.278780735335732], [0.0, 0.0,
    0.0, 1.0]]'
  local_matrix: '[[0.8088771335955686, -0.48023524315545707, 0.33925196237845917,
    0.35609836093194114], [0.5059972716245366, 0.862415482505413, 0.014363030442100811,
    0.0], [-0.2994737782423387, 0.16004264046301794, 0.9405858862320249, -2.220446049250313e-16],
    [0.0, 0.0, 0.0, 1.0]]'
- name: LEFT_INDEX
  parent: LEFT_WRIST
  head:
  - 0.5201688452087325
  - -0.843240472631956
  - 2.776139667239166
  tail:
  - 0.5383900989738548
  - -0.9209048670645019
  - 3.102859717977217
  matrix: '[[0.054178653681367255, 0.9735643130062789, -0.22189457389915318, 0.5201688452087325],
    [-0.23092551059182134, 0.22841306538946557, 0.9457805665783657, -0.843240472631956],
    [0.9714618273731507, -0.0, 0.23719594844098607, 2.776139667239166], [0.0, 0.0,
    0.0, 1.0]]'
  local_matrix: '[[0.9316561658450139, 0.3311197018174346, 0.14958787287511463, 0.9086526279453531],
    [-0.231235270412349, 0.22277347576124548, 0.947049221642984, 0.0], [0.28026244550473783,
    -0.9169142389370922, 0.28411483606829996, 5.551115123125783e-17], [0.0, 0.0, 0.0,
    1.0]]'
- name: RIGHT_INDEX
  parent: RIGHT_WRIST
  head:
  - 0.34812633783556696
  - 0.49598521541186813
  - 1.278780735335732
  tail:
  - 0.46230095287226963
  - 0.4423299325691905
  - 1.3305341698468984
  matrix: '[[0.8373230920950652, 0.425317078915088, -0.3435046168940033, 0.34812633783556696],
    [-0.39349208510686823, 0.9050444090668351, 0.16142675297209078, 0.49598521541186813],
    [0.37954448804139995, -0.0, 0.9251734872970538, 1.278780735335732], [0.0, 0.0,
    0.0, 1.0]]'
  local_matrix: '[[0.997662612302412, -0.010326816436692476, -0.06754753049675538,
    0.35609836093194114], [0.010070677225961833, 0.9999407547051188, -0.0041314089567404955,
    0.0], [0.06758619292531365, 0.003441502875227667, 0.99770750352186, -2.220446049250313e-16],
    [0.0, 0.0, 0.0, 1.0]]'
- name: LEFT_THUMB
  parent: LEFT_WRIST
  head:
  - 0.5201688452087325
  - -0.843240472631956
  - 2.776139667239166
  tail:
  - 0.5110679141557288
  - -0.8473451341424384
  - 2.978711603812667
  matrix: '[[-0.044872444800306534, 0.41113439251106093, 0.9104696452887403, 0.5201688452087325],
    [-0.020238170795973075, -0.9115747425716451, 0.4106359764417533, -0.843240472631956],
    [0.998787705240947, 0.0, 0.049225195373137264, 2.776139667239166], [0.0, 0.0,
    0.0, 1.0]]'
  local_matrix: '[[0.9241291208493989, 0.13784924393510053, 0.356346676629148, 0.9086526279453531],
    [-0.019978074395853564, -0.9139394409458788, 0.4053585756178947, 0.0], [0.3815576555929014,
    -0.38172278453094177, -0.8418440896201586, 5.551115123125783e-17], [0.0, 0.0,
    0.0, 1.0]]'
- name: RIGHT_THUMB
  parent: RIGHT_WRIST
  head:
  - 0.34812633783556696
  - 0.49598521541186813
  - 1.278780735335732
  tail:
  - 0.3775152669367614
  - 0.45770852612126267
  - 1.2973088805640485
  matrix: '[[0.5685345980740003, 0.7931712356769518, -0.21828376414092823, 0.34812633783556696],
    [-0.7404700622641371, 0.6089986788940494, 0.28429684485735607, 0.49598521541186813],
    [0.3584306037204133, -0.0, 0.9335563734004606, 1.278780735335732], [0.0, 0.0,
    0.0, 1.0]]'
  local_matrix: '[[0.9046346330252151, 0.4260999712886967, -0.008659976853671036,
    0.35609836093194114], [-0.4192963615357217, 0.893462010961726, 0.16098508058554406,
    0.0], [0.07633309854997172, -0.14200158251231054, 0.9869188460201578, -2.220446049250313e-16],
    [0.0, 0.0, 0.0, 1.0]]'
- name: LEFT_HIP
  parent: LEFT_SHOULDER
  head:
  - 8.326672684688674e-17
  - -0.39114951435901324
  - 1.5359105334422172
  tail:
  - -0.019548361295478496
  - -0.253933673123942
  - 0.009934111440759105
  matrix: '[[-0.012757879012752316, -0.9900038659798094, -0.14046202998720822, 8.326672684688674e-17],
    [0.08955139894590392, -0.1410402259819212, 0.985945333982468, -0.39114951435901324],
    [-0.9959004887386729, 0.0, 0.09045560529935372, 1.5359105334422172], [0.0, 0.0,
    0.0, 1.0]]'
  local_matrix: '[[0.18022479021942972, -0.14044956771982933, 0.9735465802506195,
    0.0], [0.01275787901275227, 0.9900038659798095, 0.1404620299872077, 0.0], [-0.9835427095522891,
    -0.012894350404123631, 0.18021507765499856, 0.0], [0.0, 0.0, 0.0, 1.0]]'
- name: RIGHT_HIP
  parent: RIGHT_SHOULDER
  head:
  - -3.3306690738754696e-16
  - 0.39114951435901396
  - 1.4640894665577824
  tail:
  - 0.019548361295478475
  - 0.253933673123942
  - -0.009934111440758637
  matrix: '[[0.013203663799299445, 0.9900038659798094, 0.14042082682888146, -3.3306690738754696e-16],
    [-0.09268049675473136, 0.1410402259819221, -0.9856561165925287, 0.39114951435901396],
    [-0.9956083511017629, -0.0, 0.09361629781415574, 1.4640894665577824], [0.0, 0.0,
    0.0, 1.0]]'
  local_matrix: '[[-0.001270649983970959, 0.14044956771983022, -0.9900870185877254,
    0.785588973943491], [-0.013203663799299397, -0.9900038659798095, -0.14042082682888093,
    -7.395570986446986e-32], [-0.9999120204852491, 0.012894350404123713, 0.003112397269368003,
    0.0], [0.0, 0.0, 0.0, 1.0]]'
- name: LEFT_KNEE
  parent: LEFT_HIP
  head:
  - -0.019548361295478496
  - -0.253933673123942
  - 0.009934111440759105
  tail:
  - 0.2421342976843352
  - -0.44294953960923533
  - -1.2167259688631442
  matrix: '[[0.2063053307924929, 0.5855370424182809, 0.7839543879860947, -0.019548361295478496],
    [-0.14901629711461395, 0.8106456512904094, -0.566257689782838, -0.253933673123942],
    [-0.9670740683530137, -0.0, 0.25449508112957864, 0.009934111440759105], [0.0,
    0.0, 0.0, 1.0]]'
  local_matrix: '[[0.9471329009969744, 0.06512424137781232, -0.31416253919590725,
    1.5322579306433886], [-0.18322578283677712, -0.6940175815177427, -0.6962527623270972,
    0.0], [-0.2633772586099752, 0.7170065757921802, -0.6453944452177032, 5.551115123125783e-17],
    [0.0, 0.0, 0.0, 1.0]]'
- name: RIGHT_KNEE
  parent: RIGHT_HIP
  head:
  - 0.019548361295478475
  - 0.253933673123942
  - -0.009934111440758637
  tail:
  - 0.1204119243005935
  - 0.18516981853179293
  - -1.1862936662554895
  matrix: '[[0.08528415176798741, 0.5632990405014472, 0.8218398897762046, 0.019548361295478475],
    [-0.058142572366705496, 0.8262531034556839, -0.5602903268024833, 0.253933673123942],
    [-0.9946587629613471, -0.0, 0.10321795030033631, -0.009934111440758637], [0.0,
    0.0, 0.0, 1.0]]'
  local_matrix: '[[0.9968053166577633, -0.06913993692416216, -0.03998536988623831,
    1.480525526294906], [0.07623119841134593, 0.674203152228804, 0.7346011937871558,
    6.938893903907228e-18], [-0.0238320177825216, -0.7353025082555256, 0.677319906898909,
    8.326672684688674e-17], [0.0, 0.0, 0.0, 1.0]]'
- name: LEFT_ANKLE
  parent: LEFT_KNEE
  head:
  - 0.2421342976843352
  - -0.44294953960923533
  - -1.2167259688631442
  tail:
  - 0.05484696980609547
  - -0.37210042447034875
  - -2.3858229960922674
  matrix: '[[-0.15789895224179787, -0.3538206256213653, -0.921888759973701, 0.2421342976843352],
    [0.05973175641099245, -0.9353132977162817, 0.34874224348528843, -0.44294953960923533],
    [-0.9856470149891393, 0.0, 0.16881931715002196, -1.2167259688631442], [0.0, 0.0,
    0.0, 1.0]]'
  local_matrix: '[[0.9117172680110004, 0.06638184305771626, -0.4054196272047257, 1.2684241263887683],
    [-0.04403439691809864, -0.9653827400607159, -0.2570936348510471, 0.0], [-0.4084514599051121,
    0.2522491151721349, -0.8772330299277711, 2.7755575615628914e-17], [0.0, 0.0, 0.0,
    1.0]]'
- name: RIGHT_ANKLE
  parent: RIGHT_KNEE
  head:
  - 0.1204119243005935
  - 0.18516981853179293
  - -1.1862936662554895
  tail:
  - 0.08332856472378432
  - 0.16104102131402515
  - -2.3740545780722506
  matrix: '[[-0.031199596132185665, 0.545379387886915, -0.8376084457962937, 0.1204119243005935],
    [-0.020300445723923675, -0.8381893123084391, -0.545001439113069, 0.18516981853179293],
    [-0.9993069984267091, 0.0, 0.03722261268908277, -1.1862936662554895], [0.0, 0.0,
    0.0, 1.0]]'
  local_matrix: '[[0.9924889519166697, 0.09524670123557227, -0.07677073809136134,
    1.1826765103968069], [-0.034348008846218456, -0.38534483467226743, -0.9221331642879479,
    2.7755575615628914e-17], [-0.11741334937583062, 0.9178438997428402, -0.37917895655376854,
    0.0], [0.0, 0.0, 0.0, 1.0]]'
- name: LEFT_HEEL
  parent: LEFT_ANKLE
  head:
  - 0.05484696980609547
  - -0.37210042447034875
  - -2.3858229960922674
  tail:
  - 0.04706199296510695
  - -0.40314994284063016
  - -2.5421688386034136
  matrix: '[[-0.04878136270575061, 0.96997617141355, -0.23825743544007513, 0.05484696980609547],
    [-0.1945590652864728, -0.2431999730466917, -0.9502634072850235, -0.37210042447034875],
    [-0.979677063509922, 0.0, 0.20058128335559125, -2.3858229960922674], [0.0, 0.0,
    0.0, 1.0]]'
  local_matrix: '[[0.9616969446668032, -0.167684982714895, -0.21684264615255233, 1.1861214100486124],
    [0.19923353322489962, -0.11572940701254691, 0.9730943960332148, 0.0], [-0.1882683878330572,
    -0.9790242340843405, -0.07788814555702248, 0.0], [0.0, 0.0, 0.0, 1.0]]'
- name: RIGHT_HEEL
  parent: RIGHT_ANKLE
  head:
  - 0.08332856472378432
  - 0.16104102131402515
  - -2.3740545780722506
  tail:
  - 0.10005172916826169
  - 0.153924007546356
  - -2.5193427377834174
  matrix: '[[0.11421326530427349, 0.39159120183705715, 0.9130233626103688, 0.08332856472378432],
    [-0.048606672757403935, 0.9201392995866491, -0.38856281438095114, 0.16104102131402515],
    [-0.9922664568511778, -0.0, 0.1241260593429507, -2.3740545780722506], [0.0, 0.0,
    0.0, 1.0]]'
  local_matrix: '[[0.9890021440071568, -0.0308967252559413, -0.14463800163755772,
    1.1885846028165026], [0.10303115433234025, -0.5576851567887066, 0.8236333208014968,
    1.3877787807814457e-17], [-0.10611003904528897, -0.8294773404174554, -0.5483684904767894,
    -2.7755575615628914e-17], [0.0, 0.0, 0.0, 1.0]]'
- name: LEFT_FOOT_INDEX
  parent: LEFT_ANKLE
  head:
  - 0.05484696980609547
  - -0.37210042447034875
  - -2.3858229960922674
  tail:
  - 0.6231985219873493
  - -0.5855828902536833
  - -2.666975573517641
  matrix: '[[0.8494741563409162, 0.3516297208247492, 0.39338301582757446, 0.05484696980609547],
    [-0.31907687560434905, 0.9361391667015695, -0.14776132112923804, -0.37210042447034875],
    [-0.420218520728746, -0.0, 0.9074229415418945, -2.3858229960922674], [0.0, 0.0,
    0.0, 1.0]]'
  local_matrix: '[[0.26099702914674483, 0.0003952721769038131, -0.9653395229329833,
    1.1861214100486124], [-0.002124632699212925, -0.9999972589382957, -0.0009838962286297104,
    0.0], [-0.9653372657845892, 0.0023077859089270514, -0.2609954739295911, 0.0],
    [0.0, 0.0, 0.0, 1.0]]'
- name: RIGHT_FOOT_INDEX
  parent: RIGHT_ANKLE
  head:
  - 0.08332856472378432
  - 0.16104102131402515
  - -2.3740545780722506
  tail:
  - 0.583238706175591
  - -0.21456639184634005
  - -2.7101223379976584
  matrix: '[[0.7042157150945446, 0.6006904552672284, 0.37848540733392755, 0.08332856472378432],
    [-0.5291123766470704, 0.7994816926927407, -0.28437495657676826, 0.16104102131402515],
    [-0.47341347624752705, -0.0, 0.8808403263402693, -2.3740545780722506], [0.0, 0.0,
    0.0, 1.0]]'
  local_matrix: '[[0.4618553711467624, -0.03497113431457587, -0.886265556087812, 1.1885846028165026],
    [0.8275610747543006, -0.34251281739816186, 0.4447781890667307, 1.3877787807814457e-17],
    [-0.3191117103686315, -0.9388620717031473, -0.12925063490320388, -2.7755575615628914e-17],
    [0.0, 0.0, 0.0, 1.0]]'
