bones:
- name: NOSE
  parent: null
  head:
  - 0.10092584034329122
  - -0.38973624225220715
  - 2.0371704636047965
  tail:
  - 0.027923444205664977
  - -0.3601965659902765
  - 2.1581978199598217
  matrix: '[[-0.5055785425071117, -0.37509551394081936, 0.7769772794476408, 0.10092584034329122],
    [0.2045772092532913, -0.9269861678695495, -0.3143959446822787, -0.38973624225220715],
    [0.8381756992483852, 0.0, 0.5454003091211815, 2.0371704636047965], [0.0, 0.0,
    0.0, 1.0]]'
  local_matrix: '[[-0.5055785425071117, -0.37509551394081936, 0.7769772794476408,
    0.10092584034329122], [0.2045772092532913, -0.9269861678695495, -0.3143959446822787,
    -0.38973624225220715], [0.8381756992483852, 0.0, 0.5454003091211815, 2.0371704636047965],
    [0.0, 0.0, 0.0, 1.0]]'
- name: LEFT_EYE_INNER
  parent: NOSE
  head:
  - 0.10092584034329122
  - -0.38973624225220715
  - 2.0371704636047965
  tail:
  - 0.027923444205664977
  - -0.3601965659902765
  - 2.1581978199598217
  matrix: '[[-0.5055785425071117, -0.37509551394081936, 0.7769772794476408, 0.10092584034329122],
    [0.2045772092532913, -0.9269861678695495, -0.3143959446822787, -0.38973624225220715],
    [0.8381756992483852, 0.0, 0.5454003091211815, 2.0371704636047965], [0.0, 0.0,
    0.0, 1.0]]'
  local_matrix: '[[0.9999999999999997, 0.0, -5.551115123125783e-17, 0.0], [0.0, 0.9999999999999999,
    -5.551115123125783e-17, 0.0], [-5.551115123125783e-17, -5.551115123125783e-17,
    1.0000000000000002, 0.0], [0.0, 0.0, 0.0, 1.0]]'
- name: LEFT_EYE
  parent: LEFT_EYE_INNER
  head:
  - 0.027923444205664977
  - -0.3601965659902765
  - 2.1581978199598217
  tail:
  - 0.014167931319122702
  - -0.33801337968034206
  - 2.1576688655845326
  matrix: '[[-0.5268851052097101, -0.8498694491849215, -0.010677324115660683, 0.027923444205664977],
    [0.8496949949595384, -0.526993282065453, 0.017219064974377384, -0.3601965659902765],
    [-0.02026083534464211, 0.0, 0.9997947282073143, 2.1581978199598217], [0.0, 0.0,
    0.0, 1.0]]'
  local_matrix: '[[0.4232278945135914, 0.32186494250005143, 0.8469244996426959, 0.14439377861175595],
    [-0.5900232679090798, 0.8072977008594701, -0.011956818678218427, 0.0], [-0.6875686821194538,
    -0.49464470175718256, 0.5315787113796653, 0.0], [0.0, 0.0, 0.0, 1.0]]'
- name: LEFT_EYE_OUTER
  parent: LEFT_EYE
  head:
  - 0.014167931319122702
  - -0.33801337968034206
  - 2.1576688655845326
  tail:
  - -0.00025782028378122657
  - -0.3144366236950038
  - 2.1575217189240954
  matrix: '[[-0.5219096852120556, -0.8529962253583349, -0.002778489929010884, 0.014167931319122702],
    [0.8529841379046298, -0.521917081081308, 0.004541030572772556, -0.33801337968034206],
    [-0.005323623291374958, 0.0, 0.9999858294171231, 2.1576688655845326], [0.0, 0.0,
    0.0, 1.0]]'
  local_matrix: '[[0.9998706532153046, 0.005960674362732898, -0.0149381123285816,
    0.026107234291748216], [-0.005961813688686424, 0.9999822277271648, -3.173889997064175e-05,
    0.0], [0.014937657659126302, 0.00012079303720965301, 0.9998884196712657, 0.0],
    [0.0, 0.0, 0.0, 1.0]]'
- name: RIGHT_EYE_INNER
  parent: NOSE
  head:
  - 0.10092584034329122
  - -0.38973624225220715
  - 2.0371704636047965
  tail:
  - 0.1537864185967881
  - -0.33398181991780607
  - 2.145704229276128
  matrix: '[[0.3975224092252302, -0.7256888005312113, -0.5615618389343603, 0.10092584034329122],
    [0.4192847112841774, 0.6880230844845044, -0.5923044538915544, -0.38973624225220715],
    [0.8161962172462653, 0.0, 0.5777748133597443, 2.0371704636047965], [0.0, 0.0,
    0.0, 1.0]]'
  local_matrix: '[[0.5689131309613569, 0.5076465286119852, 0.6470184320465273, 0.0],
    [-0.5377800001509405, -0.3655852688957266, 0.7596973625096337, 0.0], [0.6221981363339179,
    -0.7801553775720833, 0.06501589027276039, 0.0], [0.0, 0.0, 0.0, 1.0]]'
- name: RIGHT_EYE
  parent: RIGHT_EYE_INNER
  head:
  - 0.1537864185967881
  - -0.33398181991780607
  - 2.145704229276128
  tail:
  - 0.1563176037308776
  - -0.33443133884269605
  - 2.1528094931563837
  matrix: '[[0.33498831916109356, 0.1748562820303751, -0.9258553378687944, 0.1537864185967881],
    [-0.05949133749719284, 0.9845939673969742, 0.16442475521733696, -0.33398181991780607],
    [0.9403422817189603, -0.0, 0.3402299122822383, 2.145704229276128], [0.0, 0.0,
    0.0, 1.0]]'
  local_matrix: '[[0.8757253686845455, 0.4823344878530641, -0.021413091085578373,
    0.13297509027609777], [-0.2840286850489079, 0.5505321328413317, 0.7850108768536666,
    0.0], [0.39042641395236727, -0.6813720074501863, 0.6191117853438088, 0.0], [0.0,
    0.0, 0.0, 1.0]]'
- name: RIGHT_EYE_OUTER
  parent: RIGHT_EYE
  head:
  - 0.1563176037308776
  - -0.33443133884269605
  - 2.1528094931563837
  tail:
  - 0.1574201138156789
  - -0.33432369104340776
  - 2.1601638958880347
  matrix: '[[0.1482393971583008, -0.09717672340898052, -0.984165517358558, 0.1563176037308776],
    [0.014473921909557735, 0.9952671422424707, -0.09609277369845003, -0.33443133884269605],
    [0.9888455828463307, 0.0, 0.148944329483537, 2.1528094931563837], [0.0, 0.0, 0.0,
    1.0]]'
  local_matrix: '[[0.9786507051557173, -0.09176284069537033, -0.18390861416946572,
    0.007556039985000762], [0.040171526034250074, 0.9629420636451744, -0.26669988856175453,
    0.0], [0.20156647983803477, 0.25361814432388075, 0.9460701829544225, 0.0], [0.0,
    0.0, 0.0, 1.0]]'
- name: LEFT_EAR
  parent: LEFT_EYE_OUTER
  head:
  - -0.00025782028378122657
  - -0.3144366236950038
  - 2.1575217189240954
  tail:
  - -0.15912699104917372
  - -0.2330765170298364
  - 2.146733838697144
  matrix: '[[-0.8884491885000112, -0.4558230205360788, -0.05369742454752339, -0.00025782028378122657],
    [0.4549927490317619, -0.8900704320161217, 0.02749953416250205, -0.3144366236950038],
    [-0.060329410590454005, 0.0, 0.9981785222182495, 2.1575217189240954], [0.0, 0.0,
    0.0, 1.0]]'
  local_matrix: '[[0.8521130051380363, -0.5213175109672797, 0.04616794595284546, 0.02764032171014924],
    [0.520375316725368, 0.853358277783343, 0.03145122384931266, 0.0], [-0.05579387258111308,
    -0.0027753373717352686, 0.9984384514254626, 4.440892098500626e-16], [0.0, 0.0,
    0.0, 1.0]]'
- name: RIGHT_EAR
  parent: RIGHT_EYE_OUTER
  head:
  - 0.1574201138156789
  - -0.33432369104340776
  - 2.1601638958880347
  tail:
  - 0.377653692979002
  - -0.06799436541147838
  - 2.058131805484204
  matrix: '[[0.6111832530624817, -0.7706456791051075, 0.18044464096389826, 0.1574201138156789],
    [0.7391062899856269, 0.6372638678574423, 0.2182124075919028, -0.33432369104340776],
    [-0.2831552988726237, 0.0, 0.959074072593121, 2.1601638958880347], [0.0, 0.0,
    0.0, 1.0]]'
  local_matrix: '[[-0.17869766283838018, -0.10501634343403914, 0.978283554450265,
    0.007437362171838657], [0.676215419112376, 0.7091366106215831, 0.1996446203402608,
    -5.551115123125783e-17], [-0.714702632044107, 0.6972064508363912, -0.05570738426230931,
    -2.7755575615628914e-17], [0.0, 0.0, 0.0, 1.0]]'
- name: MOUTH_LEFT
  parent: null
  head:
  - 0.02476606221724957
  - -0.3458192508616932
  - 1.9259581357108264
  tail:
  - 0.18325887470347435
  - -0.3029601062077901
  - 1.91018696233319
  matrix: '[[0.9609047841626535, -0.26104098758583894, 0.09230167156413897, 0.02476606221724957],
    [0.2598449513073918, 0.9653277178244754, 0.024959937496902652, -0.3458192508616932],
    [-0.09561692869666683, 0.0, 0.9954182050508302, 1.9259581357108264], [0.0, 0.0,
    0.0, 1.0]]'
  local_matrix: '[[0.9609047841626535, -0.26104098758583894, 0.09230167156413897,
    0.02476606221724957], [0.2598449513073918, 0.9653277178244754, 0.024959937496902652,
    -0.3458192508616932], [-0.09561692869666683, 0.0, 0.9954182050508302, 1.9259581357108264],
    [0.0, 0.0, 0.0, 1.0]]'
- name: MOUTH_RIGHT
  parent: MOUTH_LEFT
  head:
  - 0.02476606221724957
  - -0.3458192508616932
  - 1.9259581357108264
  tail:
  - 0.18325887470347435
  - -0.3029601062077901
  - 1.91018696233319
  matrix: '[[0.9609047841626535, -0.26104098758583894, 0.09230167156413897, 0.02476606221724957],
    [0.2598449513073918, 0.9653277178244754, 0.024959937496902652, -0.3458192508616932],
    [-0.09561692869666683, 0.0, 0.9954182050508302, 1.9259581357108264], [0.0, 0.0,
    0.0, 1.0]]'
  local_matrix: '[[1.0, 5.551115123125783e-17, -1.3877787807814457e-17, 0.0], [5.551115123125783e-17,
    1.0, 3.469446951953614e-18, 0.0], [-1.3877787807814457e-17, 3.469446951953614e-18,
    1.0000000000000002, 0.0], [0.0, 0.0, 0.0, 1.0]]'
- name: LEFT_SHOULDER
  parent: null
  head:
  - -0.5632164248979086
  - 0.0
  - 1.580903320725509
  tail:
  - 0.5632164248979087
  - 4.163336342344337e-17
  - 1.419096679274491
  matrix: '[[0.9898399952141447, -3.6960359803951065e-17, 0.142185737239929, -0.5632164248979086],
    [3.658484237145599e-17, 1.0, 5.25523600737782e-18, 0.0], [-0.142185737239929,
    0.0, 0.9898399952141447, 1.580903320725509], [0.0, 0.0, 0.0, 1.0]]'
  local_matrix: '[[0.9898399952141447, -3.6960359803951065e-17, 0.142185737239929,
    -0.5632164248979086], [3.658484237145599e-17, 1.0, 5.25523600737782e-18, 0.0],
    [-0.142185737239929, 0.0, 0.9898399952141447, 1.580903320725509], [0.0, 0.0, 0.0,
    1.0]]'
- name: RIGHT_SHOULDER
  parent: LEFT_SHOULDER
  head:
  - -0.5632164248979086
  - 0.0
  - 1.580903320725509
  tail:
  - 0.5632164248979087
  - 4.163336342344337e-17
  - 1.419096679274491
  matrix: '[[0.9898399952141447, -3.6960359803951065e-17, 0.142185737239929, -0.5632164248979086],
    [3.658484237145599e-17, 1.0, 5.25523600737782e-18, 0.0], [-0.142185737239929,
    0.0, 0.9898399952141447, 1.580903320725509], [0.0, 0.0, 0.0, 1.0]]'
  local_matrix: '[[1.0000000000000002, 0.0, 0.0, 0.0], [0.0, 1.0, 0.0, 0.0], [0.0,
    0.0, 1.0000000000000002, 0.0], [0.0, 0.0, 0.0, 1.0]]'
- name: LEFT_ELBOW
  parent: LEFT_SHOULDER
  head:
  - -0.5632164248979086
  - 0.0
  - 1.580903320725509
  tail:
  - -0.84304012679345
  - -0.09132576690275898
  - 0.7230275580710865
  matrix: '[[-0.3085262486602497, 0.31026289875975044, -0.8991932426018506, -0.5632164248979086],
    [-0.10069338686344344, -0.950650794799645, -0.29346875163937314, 0.0], [-0.9458712363369565,
    0.0, 0.32454214559960826, 1.580903320725509], [0.0, 0.0, 0.0, 1.0]]'
  local_matrix: '[[-0.17090222142468628, 0.30711062622347796, -0.9362026991911157,
    0.0], [-0.10069338686344342, -0.950650794799645, -0.2934687516393731, 0.0], [-0.9801292121725973,
    0.04411495899835256, 0.193392341726598, 0.0], [0.0, 0.0, 0.0, 1.0]]'
- name: RIGHT_ELBOW
  parent: RIGHT_SHOULDER
  head:
  - 0.5632164248979087
  - 4.163336342344337e-17
  - 1.419096679274491
  tail:
  - 0.6540482233442141
  - -0.03621681492600451
  - 0.7505393802396362
  matrix: '[[0.13443204568838807, 0.3703686509867853, 0.9191055910276381, 0.5632164248979087],
    [-0.05360127843002732, 0.928884848819394, -0.36646942653438075, 4.163336342344337e-17],
    [-0.9894720451042069, -0.0, 0.14472412361903655, 1.419096679274491], [0.0, 0.0,
    0.0, 1.0]]'
  local_matrix: '[[0.2737550276722637, 0.3666057037202288, 0.8891897676109156, 1.137994883255977],
    [-0.05360127843002733, 0.928884848819394, -0.3664694265343808, -3.0814879110195774e-33],
    [-0.9603046848656028, 0.05266113969111403, 0.27393743189204384, 0.0], [0.0, 0.0,
    0.0, 1.0]]'
- name: LEFT_WRIST
  parent: LEFT_ELBOW
  head:
  - -0.84304012679345
  - -0.09132576690275898
  - 0.7230275580710865
  tail:
  - -0.7612595312991239
  - -0.30184655033546554
  - 0.1972907521602472
  matrix: '[[0.1429245331759789, 0.9321371259953102, 0.3327055096592657, -0.84304012679345],
    [-0.3679183859458261, 0.3621054795790906, -0.8564553011931301, -0.09132576690275898],
    [-0.9188082711313862, -0.0, 0.3947041435056811, 0.7230275580710865], [0.0, 0.0,
    0.0, 1.0]]'
  local_matrix: '[[0.8620252936795804, -0.3240503978609096, -0.389748294034521, 0.9069688660548434],
    [0.39410608598786545, -0.055028295210281464, 0.9174160886498424, 0.0], [-0.31873623271281626,
    -0.944438047927145, 0.08027445162444416, 0.0], [0.0, 0.0, 0.0, 1.0]]'
- name: RIGHT_WRIST
  parent: RIGHT_ELBOW
  head:
  - 0.6540482233442141
  - -0.03621681492600451
  - 0.7505393802396362
  tail:
  - 0.33884808068991246
  - -0.3814052417330077
  - 0.616029621380549
  matrix: '[[-0.6480073060097652, 0.7384555593890064, -0.18646693585039714, 0.6540482233442141],
    [-0.7096590142292009, -0.6743021480074565, -0.20420748447539624, -0.03621681492600451],
    [-0.2765332075559919, 0.0, 0.9610043626949852, 0.7505393802396362], [0.0, 0.0,
    0.0, 1.0]]'
  local_matrix: '[[0.22454756106381757, 0.13541554867994024, -0.9650083015166252,
    0.6756707300047524], [-0.8991930979020291, -0.3528482594659007, -0.2587467458292682,
    0.0], [-0.3755398321159057, 0.9258297548510716, 0.04253351063293745, 0.0], [0.0,
    0.0, 0.0, 1.0]]'
- name: LEFT_PINKY
  parent: LEFT_WRIST
  head:
  - -0.7612595312991239
  - -0.30184655033546554
  - 0.1972907521602472
  tail:
  - -0.8662431299963133
  - -0.3846073089281007
  - 0.011893213139182658
  matrix: '[[-0.45931094275413586, 0.6190863958644359, -0.6369972467145285, -0.7612595312991239],
    [-0.36208438769444096, -0.785322885478058, -0.5021582038883352, -0.30184655033546554],
    [-0.81112782843042, 0.0, 0.5848689134718577, 0.1972907521602472], [0.0, 0.0, 0.0,
    1.0]]'
  local_matrix: '[[0.8128416591276777, 0.3774173625959297, -0.44367169348257635, 0.5721942459915677],
    [-0.5592535229712335, 0.29270369371340277, -0.7756030200629666, -1.1102230246251565e-16],
    [-0.16286170277517206, 0.8785674032751631, 0.44899374569308703, 4.163336342344337e-17],
    [0.0, 0.0, 0.0, 1.0]]'
- name: RIGHT_PINKY
  parent: RIGHT_WRIST
  head:
  - 0.33884808068991246
  - -0.3814052417330077
  - 0.616029621380549
  tail:
  - 0.31783578457935713
  - -0.47307699522994684
  - 0.5435459842476785
  matrix: '[[-0.1769610740899908, 0.9747226268008962, -0.13638393988764833, 0.33884808068991246],
    [-0.772039946380828, -0.22341844329052352, -0.5950113615637331, -0.3814052417330077],
    [-0.6104417248593065, 0.0, 0.7920611722277484, 0.616029621380549], [0.0, 0.0,
    0.0, 1.0]]'
  local_matrix: '[[0.8313645843851892, -0.4730764712738349, 0.29160174923538806, 0.4864144890513806],
    [0.3899103052349503, 0.8704408788386597, 0.3005039605698566, 1.1102230246251565e-16],
    [-0.395983436145541, -0.13612982323384654, 0.9081111107814352, 0.0], [0.0, 0.0,
    0.0, 1.0]]'
- name: LEFT_INDEX
  parent: LEFT_WRIST
  head:
  - -0.7612595312991239
  - -0.30184655033546554
  - 0.1972907521602472
  tail:
  - -0.8244099541044423
  - -0.4459567912365691
  - 0.05976255241271939
  matrix: '[[-0.3021940741111638, 0.9159186669327736, -0.26414340259826175, -0.7612595312991239],
    [-0.6896115478640653, -0.4013639191109372, -0.6027793273565683, -0.30184655033546554],
    [-0.6581144692411983, 0.0, 0.7529178875384592, 0.1972907521602472], [0.0, 0.0,
    0.0, 1.0]]'
  local_matrix: '[[0.8152108383389197, 0.2785764131947187, -0.5077661578584391, 0.5721942459915677],
    [-0.5313984359973903, 0.7084257194247621, -0.46448756956137766, -1.1102230246251565e-16],
    [0.23031932457847087, 0.6484814431185165, 0.725551394910549, 4.163336342344337e-17],
    [0.0, 0.0, 0.0, 1.0]]'
- name: RIGHT_INDEX
  parent: RIGHT_WRIST
  head:
  - 0.33884808068991246
  - -0.3814052417330077
  - 0.616029621380549
  tail:
  - 0.24056825777122343
  - -0.5137440915404132
  - 0.5793510970740199
  matrix: '[[-0.5819776252004364, 0.802828162791125, -0.1294951149483533, 0.33884808068991246],
    [-0.7836628846634317, -0.5962104838305234, -0.1743718502842764, -0.3814052417330077],
    [-0.21719697734326168, 0.0, 0.9761277954412274, 0.616029621380549], [0.0, 0.0,
    0.0, 1.0]]'
  local_matrix: '[[0.9933213600985568, -0.09713237073076197, -0.062273414296753093,
    0.4864144890513806], [0.09866095367299782, 0.9948789299586553, 0.021952925651392258,
    1.1102230246251565e-16], [0.05982216806742982, -0.027950264409174808, 0.9978176641687445,
    0.0], [0.0, 0.0, 0.0, 1.0]]'
- name: LEFT_THUMB
  parent: LEFT_WRIST
  head:
  - -0.7612595312991239
  - -0.30184655033546554
  - 0.1972907521602472
  tail:
  - -0.7306455218531199
  - -0.382941930636607
  - 0.13657630686772412
  matrix: '[[0.2892762040690301, 0.9355560616722041, 0.2026181956977409, -0.7612595312991239],
    [-0.7662819802295008, 0.3531782205465042, -0.5367281167473527, -0.30184655033546554],
    [-0.5736995768997636, -0.0, 0.8190658065534371, 0.1972907521602472], [0.0, 0.0,
    0.0, 1.0]]'
  local_matrix: '[[0.8503938121709742, 0.003773152519768258, -0.5261331842237102,
    0.5721942459915677], [-0.007829814464080043, 0.9999543074625012, -0.005484249506334776,
    -1.1102230246251565e-16], [0.5260884509536168, 0.008783297060456052, 0.8503844986039973,
    4.163336342344337e-17], [0.0, 0.0, 0.0, 1.0]]'
- name: RIGHT_THUMB
  parent: RIGHT_WRIST
  head:
  - 0.33884808068991246
  - -0.3814052417330077
  - 0.616029621380549
  tail:
  - 0.2958246728249171
  - -0.44462440975876694
  - 0.5993897215055767
  matrix: '[[-0.5497525481583153, 0.8267174305631662, -0.11962619193335404, 0.33884808068991246],
    [-0.8078137097755812, -0.5626173566492919, -0.1757803182827262, -0.3814052417330077],
    [-0.21262442496583542, 0.0, 0.9771339999754117, 0.616029621380549], [0.0, 0.0,
    0.0, 1.0]]'
  local_matrix: '[[0.9883136629047972, -0.13645245630257724, -0.06794726546886265,
    0.4864144890513806], [0.13874269421576607, 0.9898681747380598, 0.030190419713755037,
    1.1102230246251565e-16], [0.0631392787213578, -0.03926479096767829, 0.9972320229880363,
    0.0], [0.0, 0.0, 0.0, 1.0]]'
- name: LEFT_HIP
  parent: LEFT_SHOULDER
  head:
  - -0.5632164248979086
  - 0.0
  - 1.580903320725509
  tail:
  - -0.34475830121098877
  - 0.05264219707812681
  - 0.037405920551568106
  matrix: '[[0.14005799687318216, -0.2342659457946508, 0.9620307812917472, -0.5632164248979086],
    [0.033749995419406695, 0.972172549828958, 0.23182206790608245, 0.0], [-0.9895679336564327,
    0.0, 0.14406701454163015, 1.580903320725509], [0.0, 0.0, 0.0, 1.0]]'
  local_matrix: '[[0.27933745315058633, -0.23188580266421419, 0.9317722692751257,
    0.0], [0.03374999541940669, 0.972172549828958, 0.23182206790608242, 0.0], [-0.9595996691727933,
    -0.03330927621302166, 0.27939034886987524, 0.0], [0.0, 0.0, 0.0, 1.0]]'
- name: RIGHT_HIP
  parent: RIGHT_SHOULDER
  head:
  - 0.5632164248979087
  - 4.163336342344337e-17
  - 1.419096679274491
  tail:
  - 0.34475830121098877
  - -0.05264219707812681
  - -0.037405920551568106
  matrix: '[[-0.14823432799012493, 0.23426594579465085, -0.9608048972846953, 0.5632164248979087],
    [-0.035720258766770124, -0.972172549828958, -0.2315266647120743, 4.163336342344337e-17],
    [-0.9883069599668673, 0.0, 0.1524773848183689, 1.419096679274491], [0.0, 0.0,
    0.0, 1.0]]'
  local_matrix: '[[-0.00620511278607519, 0.23188580266421424, -0.9727232243028258,
    1.137994883255977], [-0.03572025876677012, -0.972172549828958, -0.23152666471207428,
    -3.0814879110195774e-33], [-0.9993425637332511, 0.03330927621302167, 0.014315461194720908,
    0.0], [0.0, 0.0, 0.0, 1.0]]'
- name: LEFT_KNEE
  parent: LEFT_HIP
  head:
  - -0.34475830121098877
  - 0.05264219707812681
  - 0.037405920551568106
  tail:
  - -0.6829430746926698
  - -0.14313353621966676
  - -1.0771560748428204
  matrix: '[[-0.2863356524734071, 0.5010066552839173, -0.8167032664829071, -0.34475830121098877],
    [-0.16576019007348952, -0.8654434304801338, -0.47279089249432305, 0.05264219707812681],
    [-0.9436818603265767, 0.0, 0.33085426775329824, 0.037405920551568106], [0.0, 0.0,
    0.0, 1.0]]'
  local_matrix: '[[0.8881393049779276, 0.040961276744738206, -0.4577452880814447,
    1.559769014008721], [-0.09406881420246588, -0.9587291444920937, -0.26830856433591577,
    -2.7755575615628914e-17], [-0.44984400979435724, 0.2813549383055135, -0.8476318573196947,
    0.0], [0.0, 0.0, 0.0, 1.0]]'
- name: RIGHT_KNEE
  parent: RIGHT_HIP
  head:
  - 0.34475830121098877
  - -0.05264219707812681
  - -0.037405920551568106
  tail:
  - 0.11948277848112113
  - -0.12886410437759954
  - -1.1613191004821912
  matrix: '[[-0.19609651223677113, 0.32050112918258983, -0.9267282147864382, 0.34475830121098877],
    [-0.06634919762403195, -0.9472481333804174, -0.3135582207213874, -0.05264219707812681],
    [-0.9783373354131083, 0.0, 0.20701704793755268, -0.037405920551568106], [0.0,
    0.0, 0.0, 1.0]]'
  local_matrix: '[[0.9983358430049375, -0.01367332106376893, -0.056023074377506116,
    1.4737350426783273], [0.01856413372708106, 0.9959711333053742, 0.08773183322700909,
    -2.7755575615628914e-17], [0.05459777935579013, -0.08862585352760094, 0.9945675143377251,
    5.551115123125783e-17], [0.0, 0.0, 0.0, 1.0]]'
- name: LEFT_ANKLE
  parent: LEFT_KNEE
  head:
  - -0.6829430746926698
  - -0.14313353621966676
  - -1.0771560748428204
  tail:
  - -0.5398707470538952
  - -0.01576091873274571
  - -2.250456579264038
  matrix: '[[0.1203467123424538, -0.6649387679417593, 0.7371384562729434, -0.6829430746926698],
    [0.10714074489446933, 0.7468978744701951, 0.6562502768725992, -0.14313353621966676],
    [-0.9869333967456067, 0.0, 0.16112873855454551, -1.0771560748428204], [0.0, 0.0,
    0.0, 1.0]]'
  local_matrix: '[[0.879131919219393, 0.06658974233580223, -0.4719034592215636, 1.1810781177977454],
    [-0.03242974998055791, -0.9795366067949157, -0.19863621841170231, 0.0], [-0.4754738477832666,
    0.18993115111627829, -0.8589824083820464, -5.551115123125783e-17], [0.0, 0.0,
    0.0, 1.0]]'
- name: RIGHT_ANKLE
  parent: RIGHT_KNEE
  head:
  - 0.11948277848112113
  - -0.12886410437759954
  - -1.1613191004821912
  tail:
  - 0.030395159168741435
  - -0.1119010971911209
  - -2.2735057380647548
  matrix: '[[-0.07983635140382722, -0.18704759101586033, -0.9791013000142978, 0.11948277848112113],
    [0.015201490544457344, -0.9823508531554107, 0.18642884967210235, -0.12886410437759954],
    [-0.996692064621642, 0.0, 0.08127071010055598, -1.1613191004821912], [0.0, 0.0,
    0.0, 1.0]]'
  local_matrix: '[[0.9897480820890124, 0.10185757111264494, 0.10011877550266791, 1.1487992323793352],
    [-0.03998722431758195, 0.8705810478446568, -0.4903974520988815, 0.0], [-0.1371122018366583,
    0.48136646574177955, 0.8657289239518174, 0.0], [0.0, 0.0, 0.0, 1.0]]'
- name: LEFT_HEEL
  parent: LEFT_ANKLE
  head:
  - -0.5398707470538952
  - -0.01576091873274571
  - -2.250456579264038
  tail:
  - -0.5884796727671128
  - 0.014742215185476693
  - -2.43579809083052
  matrix: '[[-0.2505323687646194, -0.5315337788758042, -0.809138661859138, -0.5398707470538952],
    [0.15721438569457347, -0.8470370959491724, 0.5077517060696796, -0.01576091873274571],
    [-0.9552576454192171, 0.0, 0.29577496660152514, -2.250456579264038], [0.0, 0.0,
    0.0, 1.0]]'
  local_matrix: '[[0.9294689922360521, -0.15472052819990628, -0.3348864742345381,
    1.1888345336069819], [0.28401177512729087, -0.27921279051673875, 0.9172663349327179,
    0.0], [-0.23542451881811965, -0.9476823179554411, -0.21557717915832167, 0.0],
    [0.0, 0.0, 0.0, 1.0]]'
- name: RIGHT_HEEL
  parent: RIGHT_ANKLE
  head:
  - 0.030395159168741435
  - -0.1119010971911209
  - -2.2735057380647548
  tail:
  - -0.010034706759506552
  - -0.11946672184500401
  - -2.448566502208917
  matrix: '[[-0.22482528859414133, 0.18393680832426845, -0.9568807868026415, 0.030395159168741435],
    [-0.04207146640611999, -0.9829380705535223, -0.17906071922942057, -0.1119010971911209],
    [-0.9734904115208325, 0.0, 0.2287278266346275, -2.2735057380647548], [0.0, 0.0,
    0.0, 1.0]]'
  local_matrix: '[[0.9875798498939751, -0.029626967450781222, -0.1542993288483913,
    1.1158778895312715], [0.08338196954853089, 0.9311851153109855, 0.35488269636243785,
    0.0], [0.1331671402321215, -0.3633407819429809, 0.9220900113001234, 0.0], [0.0,
    0.0, 0.0, 1.0]]'
- name: LEFT_FOOT_INDEX
  parent: LEFT_ANKLE
  head:
  - -0.5398707470538952
  - -0.01576091873274571
  - -2.250456579264038
  tail:
  - -0.9198228774949897
  - -0.44046231747677167
  - -2.3987425933133677
  matrix: '[[-0.6452635845618784, 0.7452795571177133, -0.16790857089732125, -0.5398707470538952],
    [-0.7212601929718617, -0.6667521141641961, -0.18768418231637843, -0.01576091873274571],
    [-0.2518305789068284, 0.0, 0.9677713363845055, -2.250456579264038], [0.0, 0.0,
    0.0, 1.0]]'
  local_matrix: '[[0.09360830331086575, 0.018255626303642594, -0.9954417198708937,
    1.1888345336069819], [-0.10964693215438759, -0.9935610073497793, -0.02853199858445328,
    0.0], [-0.9895529474567757, 0.11181796269988958, -0.09100388671509604, 0.0], [0.0,
    0.0, 0.0, 1.0]]'
- name: RIGHT_FOOT_INDEX
  parent: RIGHT_ANKLE
  head:
  - 0.030395159168741435
  - -0.1119010971911209
  - -2.2735057380647548
  tail:
  - -0.3693368521718773
  - -0.4255803718386863
  - -2.452537308173007
  matrix: '[[-0.7419861166707974, 0.6173397149666595, -0.2614350378060932, 0.030395159168741435],
    [-0.5822542610367346, -0.7866966863568726, -0.20515433015094392, -0.1119010971911209],
    [-0.33231999363919684, 0.0, 0.943166698854261, -2.2735057380647548], [0.0, 0.0,
    0.0, 1.0]]'
  local_matrix: '[[0.381607032278973, -0.061245112658626685, -0.9222933964258158,
    1.1158778895312715], [0.7107646857732952, 0.6573402544942769, 0.2504343252810767,
    0.0], [0.59092269745951, -0.7511010757526788, 0.29437652696902483, 0.0], [0.0,
    0.0, 0.0, 1.0]]'
