bones:
- name: NOSE
  parent: null
  head:
  - 0.458717636924024
  - -0.02837859175574064
  - 2.101037314607231
  tail:
  - 0.40949249831761425
  - -0.0941608411428149
  - 2.2008761358083633
  matrix: '[[-0.3807080630490371, 0.8006512155717277, 0.46262187770679997, 0.458717636924024],
    [-0.5087610407236255, -0.5991307294768939, 0.6182269586796572, -0.02837859175574064],
    [0.7721551490285252, 0.0, 0.6354340452232128, 2.101037314607231], [0.0, 0.0, 0.0,
    1.0]]'
  local_matrix: '[[-0.3807080630490371, 0.8006512155717277, 0.46262187770679997, 0.458717636924024],
    [-0.5087610407236255, -0.5991307294768939, 0.6182269586796572, -0.02837859175574064],
    [0.7721551490285252, 0.0, 0.6354340452232128, 2.101037314607231], [0.0, 0.0, 0.0,
    1.0]]'
- name: LEFT_EYE_INNER
  parent: NOSE
  head:
  - 0.458717636924024
  - -0.02837859175574064
  - 2.101037314607231
  tail:
  - 0.40949249831761425
  - -0.0941608411428149
  - 2.2008761358083633
  matrix: '[[-0.3807080630490371, 0.8006512155717277, 0.46262187770679997, 0.458717636924024],
    [-0.5087610407236255, -0.5991307294768939, 0.6182269586796572, -0.02837859175574064],
    [0.7721551490285252, 0.0, 0.6354340452232128, 2.101037314607231], [0.0, 0.0, 0.0,
    1.0]]'
  local_matrix: '[[1.0, 0.0, -5.551115123125783e-17, 0.0], [0.0, 1.0000000000000002,
    0.0, 0.0], [-5.551115123125783e-17, 0.0, 1.0, 0.0], [0.0, 0.0, 0.0, 1.0]]'
- name: LEFT_EYE
  parent: LEFT_EYE_INNER
  head:
  - 0.40949249831761425
  - -0.0941608411428149
  - 2.2008761358083633
  tail:
  - 0.3925743166236422
  - -0.1347085148146993
  - 2.191648764924257
  matrix: '[[-0.3768461701131224, 0.922888389779547, -0.07914533518272815, 0.40949249831761425],
    [-0.9031842668819843, -0.3850675525282736, -0.189687005476753, -0.0941608411428149],
    [-0.20553623555938766, 0.0, 0.9786495061420487, 2.2008761358083633], [0.0, 0.0,
    0.0, 1.0]]'
  local_matrix: '[[0.4442674804761768, -0.15544368251023227, 0.8823058808366904, 0.12929891269486826],
    [0.23940310448443536, 0.9696175147581755, 0.05027950514269147, 0.0], [-0.8633148668675666,
    0.18888921790784538, 0.46798323047262924, 0.0], [0.0, 0.0, 0.0, 1.0]]'
- name: LEFT_EYE_OUTER
  parent: LEFT_EYE
  head:
  - 0.3925743166236422
  - -0.1347085148146993
  - 2.191648764924257
  tail:
  - 0.3744438801883442
  - -0.1787459831244479
  - 2.1812457593616483
  matrix: '[[-0.3719321049834616, 0.9246976049612609, -0.08124560702880734, 0.3925743166236422],
    [-0.903395146886767, -0.38070242891122724, -0.19733947705040855, -0.1347085148146993],
    [-0.2134097417270545, 0.0, 0.9769627844170893, 2.191648764924257], [0.0, 0.0,
    0.0, 1.0]]'
  local_matrix: '[[0.9999569076970763, -0.004624306786050636, 0.00804975376326314,
    0.04489413197139164], [0.004616336702103374, 0.999988836218117, 0.0010084019975323821,
    5.551115123125783e-17], [-0.008054327057768124, -0.0009711981694278116, 0.9999670917534048,
    0.0], [0.0, 0.0, 0.0, 1.0]]'
- name: RIGHT_EYE_INNER
  parent: NOSE
  head:
  - 0.458717636924024
  - -0.02837859175574064
  - 2.101037314607231
  tail:
  - 0.38367396475719295
  - -0.005070982044209547
  - 2.2082558533961074
  matrix: '[[-0.5645316253497993, -0.29661040424223734, 0.7702767762792609, 0.458717636924024],
    [0.17533633967455464, -0.9549985696823093, -0.23923816563055453, -0.02837859175574064],
    [0.8065737486240444, 0.0, 0.5911334773387115, 2.101037314607231], [0.0, 0.0, 0.0,
    1.0]]'
  local_matrix: '[[0.7485175160386445, 0.5987880386803995, 0.28491123690830117, 0.0],
    [-0.5570423211580243, 0.33468750899538346, 0.7600579739476101, 0.0], [0.35975739133785467,
    -0.7276243234360336, 0.5840697418305764, 0.0], [0.0, 0.0, 0.0, 1.0]]'
- name: RIGHT_EYE
  parent: RIGHT_EYE_INNER
  head:
  - 0.38367396475719295
  - -0.005070982044209547
  - 2.2082558533961074
  tail:
  - 0.38532943049309776
  - 0.006840011149355535
  - 2.218560091929056
  matrix: '[[0.10453588137419056, -0.9904791119693892, -0.08957331219538207, 0.38367396475719295],
    [0.7521304395048563, 0.1376630987313965, -0.6444755024187511, -0.005070982044209547],
    [0.6506704630422016, 0.0, 0.7593602231645051, 2.2082558533961074], [0.0, 0.0,
    0.0, 1.0]]'
  local_matrix: '[[0.5976757016959412, 0.583294126794925, 0.5500470136713864, 0.13293085594687803],
    [-0.7492899239738817, 0.1623183474082146, 0.6420415593447834, 0.0], [0.2852163484681043,
    -0.7958773245552434, 0.5340701441059112, 2.220446049250313e-16], [0.0, 0.0, 0.0,
    1.0]]'
- name: RIGHT_EYE_OUTER
  parent: RIGHT_EYE
  head:
  - 0.38532943049309776
  - 0.006840011149355535
  - 2.218560091929056
  tail:
  - 0.3887498733489496
  - 0.020540611755166173
  - 2.2281340396985465
  matrix: '[[0.2004870521253782, -0.9702208850731687, -0.1359278341544249, 0.38532943049309776],
    [0.8030518688849898, 0.24222186971418772, -0.5444596052164828, 0.006840011149355535],
    [0.5611707741948089, 0.0, 0.8277000436085521, 2.218560091929056], [0.0, 0.0, 0.0,
    1.0]]'
  local_matrix: '[[0.9900950932787902, 0.0807595459770491, 0.11484599252409561, 0.01583633977293397],
    [-0.08802762863775841, 0.9943285338267946, 0.05968168407702332, 0.0], [-0.10937478165316106,
    -0.06920016294372154, 0.9915888737712248, 0.0], [0.0, 0.0, 0.0, 1.0]]'
- name: LEFT_EAR
  parent: LEFT_EYE_OUTER
  head:
  - 0.3744438801883442
  - -0.1787459831244479
  - 2.1812457593616483
  tail:
  - 0.18497259979483058
  - -0.22099326413096348
  - 2.0629429249422833
  matrix: '[[-0.8334569033171395, 0.21763017939159063, -0.5079239070283939, 0.3744438801883442],
    [-0.18583971105345906, -0.9760313032982006, -0.11325412477072416, -0.1787459831244479],
    [-0.5203971484439275, 0.0, 0.8539243572421558, 2.1812457593616483], [0.0, 0.0,
    0.0, 1.0]]'
  local_matrix: '[[0.5889338945731893, 0.800798291880118, 0.10899065806178565, 0.04874662927015744],
    [-0.6999459729495755, 0.5728195935097091, -0.42655989994729204, 0.0], [-0.4040204237096531,
    0.17492801094523758, 0.8978684136398916, 0.0], [0.0, 0.0, 0.0, 1.0]]'
- name: RIGHT_EAR
  parent: RIGHT_EYE_OUTER
  head:
  - 0.3887498733489496
  - 0.020540611755166173
  - 2.2281340396985465
  tail:
  - 0.06004294983621378
  - 0.1357824817717279
  - 2.052826678922446
  matrix: '[[-0.8429446768231349, -0.33084769464992037, -0.4242453002219044, 0.3887498733489496],
    [0.2955292813412265, -0.9436841648267884, 0.14873681765153213, 0.020540611755166173],
    [-0.4495628050511729, 0.0, 0.8932487247763197, 2.2281340396985465], [0.0, 0.0,
    0.0, 1.0]]'
  local_matrix: '[[-0.18395565902949668, -0.824158011204163, 0.5356527681987863, 0.017060667108381722],
    [0.8894261854968203, 0.09241440030364681, 0.44763896073632053, -5.551115123125783e-17],
    [-0.41842726496202354, 0.5587693183993877, 0.7160275642402913, 0.0], [0.0, 0.0,
    0.0, 1.0]]'
- name: MOUTH_LEFT
  parent: null
  head:
  - 0.40674841776362836
  - -0.06781844413532159
  - 1.918091702918979
  tail:
  - 0.36688575992961686
  - 0.04276047507353414
  - 1.9391252803903591
  matrix: '[[-0.3338255564333634, -0.9407402443010271, 0.059735170748891134, 0.40674841776362836],
    [0.9260313095129472, -0.3391279887482658, -0.1657052233615229, -0.06781844413532159],
    [0.17614344062068102, 0.0, 0.9843645098876272, 1.918091702918979], [0.0, 0.0,
    0.0, 1.0]]'
  local_matrix: '[[-0.3338255564333634, -0.9407402443010271, 0.059735170748891134,
    0.40674841776362836], [0.9260313095129472, -0.3391279887482658, -0.1657052233615229,
    -0.06781844413532159], [0.17614344062068102, 0.0, 0.9843645098876272, 1.918091702918979],
    [0.0, 0.0, 0.0, 1.0]]'
- name: MOUTH_RIGHT
  parent: MOUTH_LEFT
  head:
  - 0.40674841776362836
  - -0.06781844413532159
  - 1.918091702918979
  tail:
  - 0.36688575992961686
  - 0.04276047507353414
  - 1.9391252803903591
  matrix: '[[-0.3338255564333634, -0.9407402443010271, 0.059735170748891134, 0.40674841776362836],
    [0.9260313095129472, -0.3391279887482658, -0.1657052233615229, -0.06781844413532159],
    [0.17614344062068102, 0.0, 0.9843645098876272, 1.918091702918979], [0.0, 0.0,
    0.0, 1.0]]'
  local_matrix: '[[1.0, 5.551115123125783e-17, 2.7755575615628914e-17, 0.0], [5.551115123125783e-17,
    1.0, -6.938893903907228e-18, 0.0], [2.7755575615628914e-17, -6.938893903907228e-18,
    1.0, 0.0], [0.0, 0.0, 0.0, 1.0]]'
- name: LEFT_HIP
  parent: null
  head:
  - 0.0030606528439072467
  - -0.2830488276959958
  - 0.023927131193674244
  tail:
  - -0.0030606528439072675
  - 0.2830488276959958
  - -0.023927131193674244
  matrix: '[[-0.010774107472469022, -0.9999415428894153, -0.0009107206527745528, 0.0030606528439072467],
    [0.9963882364586897, -0.010812529950742469, 0.08422334262427718, -0.2830488276959958],
    [-0.08422826636535845, 0.0, 0.9964464858411044, 0.023927131193674244], [0.0, 0.0,
    0.0, 1.0]]'
  local_matrix: '[[-0.010774107472469022, -0.9999415428894153, -0.0009107206527745528,
    0.0030606528439072467], [0.9963882364586897, -0.010812529950742469, 0.08422334262427718,
    -0.2830488276959958], [-0.08422826636535845, 0.0, 0.9964464858411044, 0.023927131193674244],
    [0.0, 0.0, 0.0, 1.0]]'
- name: LEFT_SHOULDER
  parent: LEFT_HIP
  head:
  - 0.0030606528439072467
  - -0.2830488276959958
  - 0.023927131193674244
  tail:
  - 8.326672684688674e-17
  - -0.42321937569140566
  - 1.5720612436308101
  matrix: '[[-0.001968936823696297, 0.9997616970906553, 0.02174102845306433, 0.0030606528439072467],
    [-0.09017257677402336, -0.021830002987005295, 0.9956868771694846, -0.2830488276959958],
    [0.9959242088059298, 0.0, 0.09019407028337752, 0.023927131193674244], [0.0, 0.0,
    0.0, 1.0]]'
  local_matrix: '[[-0.17371065075087466, -0.03252269814942287, 0.9842595612544431,
    0.0], [0.002943815412443412, -0.9994672163494484, -0.032505651716316114, 0.0],
    [0.9847923353512279, -0.0027490994464569375, 0.17371384137629442, 0.0], [0.0,
    0.0, 0.0, 1.0]]'
- name: RIGHT_HIP
  parent: LEFT_HIP
  head:
  - 0.0030606528439072467
  - -0.2830488276959958
  - 0.023927131193674244
  tail:
  - -0.0030606528439072675
  - 0.2830488276959958
  - -0.023927131193674244
  matrix: '[[-0.010774107472469022, -0.9999415428894153, -0.0009107206527745528, 0.0030606528439072467],
    [0.9963882364586897, -0.010812529950742469, 0.08422334262427718, -0.2830488276959958],
    [-0.08422826636535845, 0.0, 0.9964464858411044, 0.023927131193674244], [0.0, 0.0,
    0.0, 1.0]]'
  local_matrix: '[[0.9999999999999998, 1.734723475976807e-18, 0.0, 0.0], [1.734723475976807e-18,
    1.0, 0.0, 0.0], [0.0, 0.0, 1.0, 0.0], [0.0, 0.0, 0.0, 1.0]]'
- name: RIGHT_SHOULDER
  parent: RIGHT_HIP
  head:
  - -0.0030606528439072675
  - 0.2830488276959958
  - -0.023927131193674244
  tail:
  - 3.950832716537178e-16
  - 0.42321937569140533
  - 1.4279387563691899
  matrix: '[[0.0020983212040296, -0.9997616970906553, -0.021728922627169935, -0.0030606528439072675],
    [0.0960980705880049, 0.021830002987008906, -0.9951324594237946, 0.2830488276959958],
    [0.995369658909386, 0.0, 0.09612097649635305, -0.023927131193674244], [0.0, 0.0,
    0.0, 1.0]]'
  local_matrix: '[[0.011890118779485148, 0.032522698149426474, -0.9994002697520604,
    0.5681496776838574], [-0.0031372618086763005, 0.9994672163494484, 0.03248755193961283,
    8.673617379884035e-19], [0.9999243884733253, 0.0027490994464572415, 0.01198581613741563,
    0.0], [0.0, 0.0, 0.0, 1.0]]'
- name: LEFT_ELBOW
  parent: LEFT_SHOULDER
  head:
  - 8.326672684688674e-17
  - -0.42321937569140566
  - 1.5720612436308101
  tail:
  - 0.08182152372848213
  - -0.7019290987880451
  - 0.8662816853622052
  matrix: '[[0.1072062485199626, 0.9595069642075837, 0.2604864793332327, 8.326672684688674e-17],
    [-0.3651780421296074, 0.2816849048798083, -0.8872984908751057, -0.42321937569140566],
    [-0.9247441904790008, -0.0, 0.3805892565159155, 1.5720612436308101], [0.0, 0.0,
    0.0, 1.0]]'
  local_matrix: '[[-0.8882571635410006, -0.027289462305779336, 0.4585351640443266,
    1.5544698067870868], [0.11515253870951844, 0.9531291285915561, 0.27979413335353154,
    1.734723475976807e-18], [-0.44467865278968455, 0.3013306314953101, -0.8434813253865132,
    0.0], [0.0, 0.0, 0.0, 1.0]]'
- name: RIGHT_ELBOW
  parent: RIGHT_SHOULDER
  head:
  - 3.950832716537178e-16
  - 0.42321937569140533
  - 1.4279387563691899
  tail:
  - 0.03373629730499324
  - 0.616470370589306
  - 1.046488206343171
  matrix: '[[0.07865058364411301, -0.9851019007700088, 0.15293243865104653, 3.950832716537178e-16],
    [0.45053265333525366, 0.17197164039258253, 0.8760400009014317, 0.42321937569140533],
    [-0.8892887123826191, 0.0, 0.45734624304662597, 1.4279387563691899], [0.0, 0.0,
    0.0, 1.0]]'
  local_matrix: '[[-0.8417106494064726, 0.014459082631065817, 0.5397352291681563,
    1.4586197947340036], [-0.06879671181315532, 0.9886212895445052, -0.13377203856956527,
    0.0], [-0.5355279592322253, -0.14972935847330546, -0.831138330298718, 0.0], [0.0,
    0.0, 0.0, 1.0]]'
- name: LEFT_WRIST
  parent: LEFT_ELBOW
  head:
  - 0.08182152372848213
  - -0.7019290987880451
  - 0.8662816853622052
  tail:
  - 0.26864634140133187
  - -0.6649789180375725
  - 0.5814703246835893
  matrix: '[[0.5452878074040296, -0.19402147599488626, 0.815485667531485, 0.08182152372848213],
    [0.1078469300577076, 0.9809972817764409, 0.1612866170032782, -0.7019290987880451],
    [-0.8312822906652312, 0.0, 0.5558504774005022, 0.8662816853622052], [0.0, 0.0,
    0.0, 1.0]]'
  local_matrix: '[[0.7877983983680481, -0.3790389812673052, -0.4854926716322105, 0.7632159958777613],
    [0.5535863009365347, 0.09016716858161936, 0.8278961825768847, -1.3877787807814457e-17],
    [-0.270029426070831, -0.920977378869762, 0.28086433854450155, 0.0], [0.0, 0.0,
    0.0, 1.0]]'
- name: RIGHT_WRIST
  parent: RIGHT_ELBOW
  head:
  - 0.03373629730499324
  - 0.616470370589306
  - 1.046488206343171
  tail:
  - 0.5311136935596726
  - 0.4084788890458733
  - 0.6851513155366638
  matrix: '[[0.7663676826620004, 0.3858018639800688, 0.5136511430151596, 0.03373629730499324],
    [-0.320476867111705, 0.9225816612904815, -0.21479677813403555, 0.616470370589306],
    [-0.5567541222277047, -0.0, 0.8306773425238334, 1.046488206343171], [0.0, 0.0,
    0.0, 1.0]]'
  local_matrix: '[[0.41100512872453765, 0.445996705552666, -0.7950859845314184, 0.4289389314343378],
    [-0.810063193424119, -0.22139626783914015, -0.542937671603673, -1.3877787807814457e-17],
    [-0.4181774824421377, 0.867220059283149, 0.2702905139942712, 0.0], [0.0, 0.0,
    0.0, 1.0]]'
- name: LEFT_PINKY
  parent: LEFT_WRIST
  head:
  - 0.26864634140133187
  - -0.6649789180375725
  - 0.5814703246835893
  tail:
  - 0.3477746516926045
  - -0.7004324253089496
  - 0.46725041303998255
  matrix: '[[0.5517896695851956, 0.40888491903800445, 0.7268708850424161, 0.26864634140133187],
    [-0.24722983456740324, 0.9125859537508151, -0.32567512326932474, -0.6649789180375725],
    [-0.7964958062908022, -0.0, 0.6046440527791247, 0.5814703246835893], [0.0, 0.0,
    0.0, 1.0]]'
  local_matrix: '[[0.9363340587582042, 0.3213795545086181, -0.14139912430149637, 0.3426168990689029],
    [-0.349590841816312, 0.8159118845131071, -0.46051497264305374, 0.0], [-0.03263087077523613,
    0.48062769235044334, 0.8763174354184318, -5.551115123125783e-17], [0.0, 0.0, 0.0,
    1.0]]'
- name: RIGHT_PINKY
  parent: RIGHT_WRIST
  head:
  - 0.5311136935596726
  - 0.4084788890458733
  - 0.6851513155366638
  tail:
  - 0.6387648988976447
  - 0.3721712188134859
  - 0.5744735970005885
  matrix: '[[0.678723744523849, 0.3195841562683263, 0.6612110447366916, 0.5311136935596726],
    [-0.2289140917437618, 0.9475578964170275, -0.22300755937605934, 0.4084788890458733],
    [-0.697805429343061, -0.0, 0.7162873604771667, 0.6851513155366638], [0.0, 0.0,
    0.0, 1.0]]'
  local_matrix: '[[0.9820196635178025, -0.05875141679583856, 0.17940359943118117,
    0.6490062244365845], [0.05066094271107152, 0.997495701432153, 0.04935376893412374,
    0.0], [-0.18185392310315324, -0.0393776160890805, 0.9825367952413455, 0.0], [0.0,
    0.0, 0.0, 1.0]]'
- name: LEFT_INDEX
  parent: LEFT_WRIST
  head:
  - 0.26864634140133187
  - -0.6649789180375725
  - 0.5814703246835893
  tail:
  - 0.37602218474043664
  - -0.664270046872245
  - 0.538734313952268
  matrix: '[[0.9290973371010642, -0.006601631207439434, 0.36977636032758027, 0.26864634140133187],
    [0.006133691634658645, 0.9999782089952765, 0.002441180355884589, -0.6649789180375725],
    [-0.36978441830158615, 0.0, 0.929117583506715, 0.5814703246835893], [0.0, 0.0,
    0.0, 1.0]]'
  local_matrix: '[[0.8146821879235331, 0.10424479095835062, -0.5704611785548384, 0.3426168990689029],
    [-0.17424770186641184, 0.9822567630908812, -0.0693497639253252, 0.0], [0.5531099990728783,
    0.1558995667738498, 0.8183915041136036, -5.551115123125783e-17], [0.0, 0.0, 0.0,
    1.0]]'
- name: RIGHT_INDEX
  parent: RIGHT_WRIST
  head:
  - 0.5311136935596726
  - 0.4084788890458733
  - 0.6851513155366638
  tail:
  - 0.6548658942973156
  - 0.32541590960082734
  - 0.6155784536535994
  matrix: '[[0.7523736644595947, 0.5573056919380937, 0.3512039788513848, 0.5311136935596726],
    [-0.5049962574685082, 0.8303073923152815, -0.2357295361413107, 0.4084788890458733],
    [-0.42298067210032364, -0.0, 0.9061387040787732, 0.6851513155366638], [0.0, 0.0,
    0.0, 1.0]]'
  local_matrix: '[[0.9739307130389607, 0.16100675983604873, -0.15979921616365456,
    0.6490062244365845], [-0.1756331240027455, 0.9810359481404185, -0.08198459739040409,
    0.0], [0.14356870115891457, 0.10791335294266108, 0.9837391607048156, 0.0], [0.0,
    0.0, 0.0, 1.0]]'
- name: LEFT_THUMB
  parent: LEFT_WRIST
  head:
  - 0.26864634140133187
  - -0.6649789180375725
  - 0.5814703246835893
  tail:
  - 0.3078919156043978
  - -0.6199563230331432
  - 0.5824556889034349
  matrix: '[[0.6569992444289724, -0.7538133096489432, -0.010839142764345448, 0.26864634140133187],
    [0.7537107432060665, 0.6570886501805571, -0.012434684541733399, -0.6649789180375725],
    [0.016495708396982705, 0.0, 0.9998639365456091, 0.5814703246835893], [0.0, 0.0,
    0.0, 1.0]]'
  local_matrix: '[[0.42582647700467646, -0.34018021311271107, -0.8384206784713605,
    0.3426168990689029], [0.611916227199218, 0.7908581506759553, -0.010095365257530398,
    0.0], [0.6665060707690972, -0.5087443445543139, 0.5449301326885317, -5.551115123125783e-17],
    [0.0, 0.0, 0.0, 1.0]]'
- name: RIGHT_THUMB
  parent: RIGHT_WRIST
  head:
  - 0.5311136935596726
  - 0.4084788890458733
  - 0.6851513155366638
  tail:
  - 0.5675991491941587
  - 0.349949320534284
  - 0.6384714593568719
  matrix: '[[0.4380948191798036, 0.8486201966066373, 0.2965074894823528, 0.5311136935596726],
    [-0.7027869129725304, 0.5290026104957445, -0.47565406867095, 0.4084788890458733],
    [-0.5605028852399926, -0.0, 0.8281524712500977, 0.6851513155366638], [0.0, 0.0,
    0.0, 1.0]]'
  local_matrix: '[[0.873030951355485, 0.48082199422801014, -0.08140741883843261, 0.6490062244365845],
    [-0.4793605198638267, 0.8154473608801386, -0.3244365787476795, 0.0], [-0.08961277794610806,
    0.32226667761376865, 0.9423978663646078, 0.0], [0.0, 0.0, 0.0, 1.0]]'
- name: LEFT_KNEE
  parent: LEFT_HIP
  head:
  - 0.0030606528439072467
  - -0.2830488276959958
  - 0.023927131193674244
  tail:
  - 0.2352546423818235
  - -0.4103916174506922
  - -0.4170580080240352
  matrix: '[[0.4513958791791728, 0.4808633893231718, 0.7516729082976806, 0.0030606528439072467],
    [-0.24756028634868332, 0.876795529646811, -0.4122420451801662, -0.2830488276959958],
    [-0.8572955528188744, -0.0, 0.5148245673207336, 0.023927131193674244], [0.0, 0.0,
    0.0, 1.0]]'
  local_matrix: '[[-0.17932102667041347, 0.8684478776835052, -0.462214509877053, 0.0],
    [-0.4486927388695866, -0.4903156573638292, -0.7471715882108909, 0.0], [-0.8755105913006294,
    0.07340871808505815, 0.4775901638743523, 0.0], [0.0, 0.0, 0.0, 1.0]]'
- name: RIGHT_KNEE
  parent: RIGHT_HIP
  head:
  - -0.0030606528439072675
  - 0.2830488276959958
  - -0.023927131193674244
  tail:
  - 0.19066145466424625
  - 0.15111702164839402
  - -0.48553685128299484
  matrix: '[[0.37419447785857257, 0.5628956371881243, 0.7369715017385174, -0.0030606528439072675],
    [-0.2548400588448222, 0.8265279799465808, -0.5019044159731931, 0.2830488276959958],
    [-0.8916473726468988, -0.0, 0.4527305631961269, -0.023927131193674244], [0.0,
    0.0, 0.0, 1.0]]'
  local_matrix: '[[-0.1828493359241988, 0.8174780582318881, -0.5461645765348583, 0.5681496776838574],
    [-0.3714171377616916, -0.5717995904739126, -0.7315015639838224, 8.673617379884035e-19],
    [-0.9102831593130744, 0.06910030856144865, 0.40817853597135717, 0.0], [0.0, 0.0,
    0.0, 1.0]]'
- name: LEFT_ANKLE
  parent: LEFT_KNEE
  head:
  - 0.2352546423818235
  - -0.4103916174506922
  - -0.4170580080240352
  tail:
  - 0.21879225405142114
  - -0.45903621001862094
  - -1.5800904372243942
  matrix: '[[-0.014140932487261702, 0.9472274129499473, -0.3202503117633779, 0.2352546423818235],
    [-0.04178493943695106, -0.32056236235115004, -0.9463053369183229, -0.4103916174506922],
    [-0.9990265526324319, 0.0, 0.04411289080709811, -0.4170580080240352], [0.0, 0.0,
    0.0, 1.0]]'
  local_matrix: '[[0.8604221536393282, 0.5069330610674159, 0.05189016403404327, 0.5143910262542547],
    [-0.043436704828896236, 0.1744193379684218, -0.9837129394372451, 0.0], [-0.5077272596584389,
    0.8441544681747986, 0.17209376415272953, -2.7755575615628914e-17], [0.0, 0.0,
    0.0, 1.0]]'
- name: RIGHT_ANKLE
  parent: RIGHT_KNEE
  head:
  - 0.19066145466424625
  - 0.15111702164839402
  - -0.48553685128299484
  tail:
  - 0.34556923076102797
  - -0.00621657934128203
  - -1.5534440941980634
  matrix: '[[0.14205290579788932, 0.7125788380148198, 0.6870606753175627, 0.19066145466424625],
    [-0.14427742598451443, 0.7015920464297248, -0.6978199085278621, 0.15111702164839402],
    [-0.9792880047798294, -0.0, 0.20247222943984455, -0.48553685128299484], [0.0,
    0.0, 0.0, 1.0]]'
  local_matrix: '[[0.9631026571677658, 0.08784930782681355, 0.25439294579594496, 0.5177043461912634],
    [-0.03928836852734553, 0.9809929759532734, -0.19002422274225922, -2.7755575615628914e-17],
    [-0.26625118939611964, 0.17301815004412113, 0.9482483977842839, -2.7755575615628914e-17],
    [0.0, 0.0, 0.0, 1.0]]'
- name: LEFT_HEEL
  parent: LEFT_ANKLE
  head:
  - 0.21879225405142114
  - -0.45903621001862094
  - -1.5800904372243942
  tail:
  - 0.25296288294886227
  - -0.5112889987303824
  - -1.7597768552176052
  matrix: '[[0.1796335759763701, 0.8369304070582532, 0.5169905919098029, 0.21879225405142114],
    [-0.27469073862244037, 0.5473093218110822, -0.7905678366678924, -0.45903621001862094],
    [-0.944604031590486, -0.0, 0.32821216233253786, -1.5800904372243942], [0.0, 0.0,
    0.0, 1.0]]'
  local_matrix: '[[0.9526222588894427, -0.03470426324790204, -0.3021695649478881,
    1.1641656832201028], [0.25820935953983665, 0.6173166551603692, 0.7431339542152823,
    0.0], [0.16074438874935265, -0.7859489559596313, 0.5970305520754887, 0.0], [0.0,
    0.0, 0.0, 1.0]]'
- name: RIGHT_HEEL
  parent: RIGHT_ANKLE
  head:
  - 0.34556923076102797
  - -0.00621657934128203
  - -1.5534440941980634
  tail:
  - 0.39170058652790873
  - -0.04400242448139957
  - -1.7046673768998355
  matrix: '[[0.2837880047817779, 0.6336596832396443, 0.7196803277696364, 0.34556923076102797],
    [-0.23244861164487424, 0.7736119219845528, -0.5894847216915268, -0.00621657934128203],
    [-0.930285983602004, -0.0, 0.36683509743977877, -1.5534440941980634], [0.0, 0.0,
    0.0, 1.0]]'
  local_matrix: '[[0.9848679028278808, -0.021601537523702696, -0.1719551905469096,
    1.0904935399011277], [0.03913722955626772, 0.9942924522673195, 0.09925117947359707,
    -2.7755575615628914e-17], [0.16882977001131033, -0.10447915074718134, 0.9800921465949394,
    1.3877787807814457e-17], [0.0, 0.0, 0.0, 1.0]]'
- name: LEFT_FOOT_INDEX
  parent: LEFT_ANKLE
  head:
  - 0.21879225405142114
  - -0.45903621001862094
  - -1.5800904372243942
  tail:
  - 0.7663303007743116
  - -0.6444076549218452
  - -1.6763360834467123
  matrix: '[[0.934327571415485, 0.3206751368091748, 0.15556171098717952, 0.21879225405142114],
    [-0.31632076156684746, 0.9471892401375858, -0.05266611025462768, -0.45903621001862094],
    [-0.1642350909355591, -0.0, 0.9864212258996603, -1.5800904372243942], [0.0, 0.0,
    0.0, 1.0]]'
  local_matrix: '[[0.16408039747497297, -0.04411289049444267, -0.9854601341792982,
    1.1641656832201028], [0.9864212189082804, 0.00011905982502985468, 0.164235089771523,
    0.0], [-0.007127555819286853, -0.9990265455517104, 0.04353342659450983, 0.0],
    [0.0, 0.0, 0.0, 1.0]]'
- name: RIGHT_FOOT_INDEX
  parent: RIGHT_ANKLE
  head:
  - 0.34556923076102797
  - -0.00621657934128203
  - -1.5534440941980634
  tail:
  - 0.8509437243282433
  - -0.2901687159697859
  - -1.6769776200635582
  matrix: '[[0.8526655960579088, 0.48984050791429085, 0.18170761708161948, 0.34556923076102797],
    [-0.47908278101110435, 0.8718120650726678, -0.1020951131660892, -0.00621657934128203],
    [-0.20842521497620434, -0.0, 0.9780383068991332, -1.5534440941980634], [0.0, 0.0,
    0.0, 1.0]]'
  local_matrix: '[[0.39435276899155436, -0.05619953316418949, -0.9172390670162393,
    1.0904935399011277], [0.271470790915334, 0.960706390778612, 0.05785188326179137,
    -2.7755575615628914e-17], [0.8779461847223305, -0.2718176653370051, 0.3941137571085831,
    1.3877787807814457e-17], [0.0, 0.0, 0.0, 1.0]]'
