bones:
- name: root
  parent: null
  head:
  - 0.0
  - 0.0
  - 0.0
  tail:
  - 0.0
  - 1.0594227313995361
  - 0.0
  matrix: '[[1.0, 0.0, 0.0, 0.0], [0.0, 1.0, 0.0, 0.0], [0.0, 0.0, 1.0, 0.0], [0.0,
    0.0, 0.0, 1.0]]'
  local_matrix: '[[1.0, 0.0, 0.0, 0.0], [0.0, 1.0, 0.0, 0.0], [0.0, 0.0, 1.0, 0.0],
    [0.0, 0.0, 0.0, 1.0]]'
- name: DEF-spine
  parent: root
  head:
  - -0.003235907992348075
  - 0.27103060483932495
  - 0.15098455548286438
  tail:
  - -0.003235933370888233
  - 0.24371199309825897
  - 0.2569519877433777
  matrix: '[[0.9999999403953552, -2.3191110187781305e-07, 2.979372766276356e-07, -0.003235907992348075],
    [2.3061002707436273e-07, -0.249639630317688, -0.9683387279510498, 0.27103060483932495],
    [2.989454799262603e-07, 0.9683387279510498, -0.249639630317688, 0.15098455548286438],
    [0.0, 0.0, 0.0, 1.0]]'
  local_matrix: '[[0.9999999403953552, -2.3191110187781305e-07, 2.979372766276356e-07,
    -0.003235907992348075], [2.3061002707436273e-07, -0.249639630317688, -0.9683387279510498,
    0.27103060483932495], [2.989454799262603e-07, 0.9683387279510498, -0.249639630317688,
    0.15098455548286438], [0.0, 0.0, 0.0, 1.0]]'
- name: DEF-spine.001
  parent: DEF-spine
  head:
  - -0.003235933370888233
  - 0.24371199309825897
  - 0.2569519877433777
  tail:
  - -5.3551048040390015e-09
  - 0.27859535813331604
  - 0.4103216230869293
  matrix: '[[0.9996634125709534, 0.0205690935254097, 0.01580246537923813, -0.003235933370888233],
    [0.010850898921489716, 0.22173525393009186, -0.9750464558601379, 0.24371199309825897],
    [-0.023559782654047012, 0.9748901128768921, 0.22143739461898804, 0.2569519877433777],
    [0.0, 0.0, 0.0, 1.0]]'
  local_matrix: '[[0.9996635317802429, 0.020569438114762306, 0.015802308917045593,
    -3.948734672576393e-10], [-0.025522900745272636, 0.8886700868606567, 0.45783671736717224,
    0.10943220555782318], [-0.004625593312084675, -0.4580861032009125, 0.8888958692550659,
    -2.3315847030858095e-08], [0.0, 0.0, 0.0, 1.0]]'
- name: DEF-spine.002
  parent: DEF-spine.001
  head:
  - -5.3551048040390015e-09
  - 0.27859535813331604
  - 0.4103216230869293
  tail:
  - -8.191609168761715e-08
  - 0.21193397045135498
  - 0.7314416766166687
  matrix: '[[0.9999998211860657, -2.3344175303918746e-07, 2.86878758970488e-07, -5.3551048040390015e-09],
    [2.3344165356320445e-07, -0.20325694978237152, -0.9791252613067627, 0.27859535813331604],
    [2.86878758970488e-07, 0.9791256785392761, -0.20325687527656555, 0.4103216230869293],
    [0.0, 0.0, 0.0, 1.0]]'
  local_matrix: '[[0.9996635317802429, -0.025273747742176056, -0.0058354162611067295,
    4.674620690536813e-10], [0.020569417625665665, 0.9094704985618591, -0.41525959968566895,
    0.15731994807720184], [0.015802303329110146, 0.4150001108646393, 0.9096841812133789,
    -1.4985785057319845e-08], [0.0, 0.0, 0.0, 1.0]]'
- name: DEF-spine.003
  parent: DEF-spine.002
  head:
  - -8.191609168761715e-08
  - 0.21193397045135498
  - 0.7314416766166687
  tail:
  - -1.5155400490129978e-07
  - 0.09473413974046707
  - 1.023524284362793
  matrix: '[[1.0, -2.2127014176476223e-07, 3.2720447507017525e-07, -8.191609168761715e-08],
    [2.212701133430528e-07, -0.3723951578140259, -0.928074300289154, 0.21193397045135498],
    [3.272045034918847e-07, 0.9280742406845093, -0.3723951578140259, 0.7314416766166687],
    [0.0, 0.0, 0.0, 1.0]]'
  local_matrix: '[[1.000000238418579, -4.195791802885651e-08, 3.7209915149105655e-09,
    -1.7763568394002505e-14], [4.195786118543765e-08, 0.9843927025794983, -0.1759839951992035,
    0.3279660940170288], [3.7210270420473535e-09, 0.17598408460617065, 0.9843931198120117,
    1.4901138101208744e-08], [0.0, 0.0, 0.0, 1.0]]'
- name: DEF-spine.004
  parent: DEF-spine.003
  head:
  - -1.5155400490129978e-07
  - 0.09473413974046707
  - 1.023524284362793
  tail:
  - -1.6182201534320484e-07
  - 0.08320234715938568
  - 1.067737340927124
  matrix: '[[1.0, -2.2472127625405847e-07, 2.9859072014915e-07, -1.5155400490129978e-07],
    [2.3220958667025116e-07, -0.25238004326820374, -0.9676282405853271, 0.09473413974046707],
    [2.928050264472404e-07, 0.9676280617713928, -0.2523801028728485, 1.023524284362793],
    [0.0, 0.0, 0.0, 1.0]]'
  local_matrix: '[[1.0, 3.6046834850367304e-08, 1.9035937270928116e-09, 1.2434497875801753e-14],
    [-3.5999057956814795e-08, 0.9920158386230469, 0.12611256539821625, 0.31471899151802063],
    [2.657564834862569e-09, -0.12611258029937744, 0.9920159578323364, -7.450630334915331e-09],
    [0.0, 0.0, 0.0, 1.0]]'
- name: DEF-spine.005
  parent: DEF-spine.004
  head:
  - -1.6182201534320484e-07
  - 0.08320234715938568
  - 1.067737340927124
  tail:
  - -1.7957876252694405e-07
  - 0.06878147274255753
  - 1.141068696975708
  matrix: '[[0.9779654741287231, -2.3759356793107145e-07, -0.2087676227092743, -1.6182201534320484e-07],
    [-0.20484431087970734, -0.19295796751976013, -0.9595865607261658, 0.08320234715938568],
    [-0.04028315097093582, 0.981207013130188, -0.18870627880096436, 1.067737340927124],
    [0.0, 0.0, 0.0, 1.0]]'
  local_matrix: '[[0.9779654145240784, 4.902094730141471e-09, -0.20876790583133698,
    3.019806626980426e-14], [0.0127192921936512, 0.9981425404548645, 0.059583086520433426,
    0.04569224268198013], [0.2083800882101059, -0.06092552840709686, 0.9761486649513245,
    -1.490120915548232e-08], [0.0, 0.0, 0.0, 1.0]]'
- name: DEF-spine.006
  parent: DEF-spine.005
  head:
  - -1.7957876252694405e-07
  - 0.06878147274255753
  - 1.141068696975708
  tail:
  - 0.04584771394729614
  - -0.011790260672569275
  - 1.7590785026550293
  matrix: '[[0.9757649302482605, 0.07336556166410446, -0.20615598559379578, -1.7957876252694405e-07],
    [-0.19569861888885498, -0.1289304792881012, -0.9721517562866211, 0.06878147274255753],
    [-0.09790224581956863, 0.9889360070228577, -0.111448273062706, 1.141068696975708],
    [0.0, 0.0, 0.0, 1.0]]'
  local_matrix: '[[0.9982955455780029, 0.05832218378782272, 0.002015803474932909,
    3.192184294675826e-09], [-0.05830099433660507, 0.9952290654182434, 0.07823065668344498,
    0.07473587244749069], [0.002556402236223221, -0.07821479439735413, 0.996933102607727,
    4.4940797749859485e-08], [0.0, 0.0, 0.0, 1.0]]'
- name: ear.L
  parent: DEF-spine.006
  head:
  - 0.42073509097099304
  - 0.07226362824440002
  - 1.7524574995040894
  tail:
  - 0.6163574457168579
  - 0.18747037649154663
  - 1.9128278493881226
  matrix: '[[0.7663729786872864, 0.8751047253608704, -0.43926239013671875, 0.42073509097099304],
    [-0.9451418519020081, 0.5153704285621643, -0.6222439408302307, 0.07226362824440002],
    [-0.25586390495300293, 0.7174069881439209, 0.9828268885612488, 1.7524574995040894],
    [0.0, 0.0, 0.0, 1.0]]'
  local_matrix: '[[0.957812488079071, 0.6828034520149231, -0.4030655026435852, 0.35000094771385193],
    [-0.07495009154081345, 0.7072252035140991, 1.019952416419983, 0.6350429654121399],
    [0.7893445491790771, -0.761380136013031, 0.5859377384185791, -0.1582605242729187],
    [0.0, 0.0, 0.0, 1.0]]'
- name: ear.R
  parent: DEF-spine.006
  head:
  - -0.262302041053772
  - 0.20925316214561462
  - 1.8209892511367798
  tail:
  - -0.3648582100868225
  - 0.3847258687019348
  - 2.01181697845459
  matrix: '[[1.106136441230774, -0.45877888798713684, 0.3483739495277405, -0.262302041053772],
    [0.5719675421714783, 0.7849665284156799, -0.7823435068130493, 0.20925316214561462],
    [0.06852490454912186, 0.8536568880081177, 0.9066174030303955, 1.8209892511367798],
    [0.0, 0.0, 0.0, 1.0]]'
  local_matrix: '[[0.9606871008872986, -0.684852123260498, 0.40427473187446594, -0.3500008285045624],
    [0.07517504692077637, 0.7093473672866821, 1.0230131149291992, 0.6350429058074951],
    [-0.7917128801345825, -0.7636651992797852, 0.5876963138580322, -0.15826068818569183],
    [0.0, 0.0, 0.0, 1.0]]'
- name: tail
  parent: DEF-spine.002
  head:
  - 0.188547745347023
  - 0.7422881722450256
  - 0.5705174803733826
  tail:
  - 0.28689491748809814
  - 0.9336670637130737
  - 0.68634033203125
  matrix: '[[0.909163236618042, 0.4024643301963806, -0.10697796940803528, 0.188547745347023],
    [-0.4024645686149597, 0.7831763625144958, -0.4739796817302704, 0.7422881722450256],
    [-0.10697726905345917, 0.4739798307418823, 0.8740133047103882, 0.5705174803733826],
    [0.0, 0.0, 0.0, 1.0]]'
  local_matrix: '[[0.9091633558273315, 0.40246474742889404, -0.10697785019874573,
    0.18854795396327972], [-0.022940661758184433, 0.30489951372146606, 0.9521080255508423,
    0.06260296702384949], [0.41580748558044434, -0.8631675839424133, 0.2864363193511963,
    -0.48657435178756714], [0.0, 0.0, 0.0, 1.0]]'
- name: torso
  parent: root
  head:
  - -0.0032359331380575895
  - 0.25737130641937256
  - 0.20396827161312103
  tail:
  - -0.0032359331380575895
  - 0.803033709526062
  - 0.20396827161312103
  matrix: '[[1.0, 0.0, 2.384185791015625e-07, -0.0032359331380575895], [0.0, 1.0,
    0.0, 0.25737130641937256], [-2.384185791015625e-07, 0.0, 1.0, 0.20396827161312103],
    [0.0, 0.0, 0.0, 1.0]]'
  local_matrix: '[[1.0, 0.0, 2.384185791015625e-07, -0.0032359331380575895], [0.0,
    1.0, 0.0, 0.25737130641937256], [-2.384185791015625e-07, 0.0, 1.0, 0.20396827161312103],
    [0.0, 0.0, 0.0, 1.0]]'
- name: chest
  parent: torso
  head:
  - -5.587935447692871e-09
  - 0.27859532833099365
  - 0.41032159328460693
  tail:
  - -5.587935447692871e-09
  - 0.5817410945892334
  - 0.41032159328460693
  matrix: '[[1.0, 0.0, 2.384185791015625e-07, -5.587935447692871e-09], [0.0, 1.0,
    0.0, 0.27859532833099365], [-2.384185791015625e-07, 0.0, 1.0, 0.41032159328460693],
    [0.0, 0.0, 0.0, 1.0]]'
  local_matrix: '[[1.0, 0.0, 0.0, 0.003235878422856331], [0.0, 1.0, 0.0, 0.021224021911621094],
    [0.0, 0.0, 1.0, 0.2063533216714859], [0.0, 0.0, 0.0, 1.0]]'
- name: MCH-spine.002
  parent: torso
  head:
  - -5.587935447692871e-09
  - 0.27859532833099365
  - 0.41032159328460693
  tail:
  - -5.587935447692871e-09
  - 0.3695390820503235
  - 0.41032159328460693
  matrix: '[[1.0, 0.0, 0.0, -5.587935447692871e-09], [0.0, 1.0, 0.0, 0.27859532833099365],
    [0.0, 0.0, 1.0, 0.41032159328460693], [0.0, 0.0, 0.0, 1.0]]'
  local_matrix: '[[1.0, 0.0, -2.384185791015625e-07, 0.003235878422856331], [0.0,
    1.0, 0.0, 0.021224021911621094], [2.384185791015625e-07, 0.0, 1.0, 0.2063533216714859],
    [0.0, 0.0, 0.0, 1.0]]'
- name: MCH-spine.003
  parent: MCH-spine.002
  head:
  - -8.214891522584367e-08
  - 0.21193397045135498
  - 0.7314416170120239
  tail:
  - -8.214891522584367e-08
  - 0.3028776943683624
  - 0.7314416170120239
  matrix: '[[1.0, 0.0, 0.0, -8.214891522584367e-08], [0.0, 1.0, 0.0, 0.21193397045135498],
    [0.0, 0.0, 1.0, 0.7314416170120239], [0.0, 0.0, 0.0, 1.0]]'
  local_matrix: '[[1.0, 0.0, 0.0, -7.65609797781508e-08], [0.0, 1.0, 0.0, -0.06666135787963867],
    [0.0, 0.0, 1.0, 0.321120023727417], [0.0, 0.0, 0.0, 1.0]]'
- name: MCH-ROT-neck
  parent: MCH-spine.003
  head:
  - -1.5178684975580836e-07
  - 0.09473410248756409
  - 1.023524284362793
  tail:
  - -1.5178684975580836e-07
  - 0.18567784130573273
  - 1.023524284362793
  matrix: '[[1.0, 0.0, 0.0, -1.5178684975580836e-07], [0.0, 1.0, 0.0, 0.09473410248756409],
    [0.0, 0.0, 1.0, 1.023524284362793], [0.0, 0.0, 0.0, 1.0]]'
  local_matrix: '[[1.0, 0.0, 0.0, -6.96379345299647e-08], [0.0, 1.0, 0.0, -0.1171998679637909],
    [0.0, 0.0, 1.0, 0.29208266735076904], [0.0, 0.0, 0.0, 1.0]]'
- name: neck
  parent: MCH-ROT-neck
  head:
  - -1.5178684975580836e-07
  - 0.09473410993814468
  - 1.023524284362793
  tail:
  - -1.7981162159230735e-07
  - 0.06878142803907394
  - 1.141068696975708
  matrix: '[[1.0, -2.3281151584342297e-07, 2.898211732826894e-07, -1.5178684975580836e-07],
    [2.328115442651324e-07, -0.2155979424715042, -0.9764822721481323, 0.09473410993814468],
    [2.8982114486098e-07, 0.9764822721481323, -0.2155979871749878, 1.023524284362793],
    [0.0, 0.0, 0.0, 1.0]]'
  local_matrix: '[[1.0, -2.3281151584342297e-07, 2.898211732826894e-07, 0.0], [2.328115442651324e-07,
    -0.2155979424715042, -0.9764822721481323, 7.450580596923828e-09], [2.8982114486098e-07,
    0.9764822721481323, -0.2155979871749878, 0.0], [0.0, 0.0, 0.0, 1.0]]'
- name: MCH-ROT-head
  parent: neck
  head:
  - -1.7981162159230735e-07
  - 0.06878142803907394
  - 1.141068696975708
  tail:
  - -1.7981162159230735e-07
  - 0.159725159406662
  - 1.141068696975708
  matrix: '[[1.0, 0.0, 2.384185791015625e-07, -1.7981162159230735e-07], [0.0, 1.0,
    0.0, 0.06878142803907394], [-2.384185791015625e-07, 0.0, 1.0, 1.141068696975708],
    [0.0, 0.0, 0.0, 1.0]]'
  local_matrix: '[[1.0, 2.3281153005427768e-07, 5.282397523842519e-07, 1.9539925233402755e-14],
    [-4.6562297484342707e-07, -0.2155979573726654, 0.9764821529388428, 0.12037541717290878],
    [3.4122368219868804e-07, -0.9764821529388428, -0.21559791266918182, 1.4901108791320894e-08],
    [0.0, 0.0, 0.0, 1.0]]'
- name: head
  parent: MCH-ROT-head
  head:
  - -1.7981162159230735e-07
  - 0.06878142803907394
  - 1.141068696975708
  tail:
  - 0.04584772512316704
  - -0.011790327727794647
  - 1.7590786218643188
  matrix: '[[0.9757649302482605, 0.07336556166410446, -0.20615598559379578, -1.7981162159230735e-07],
    [-0.19569861888885498, -0.1289304792881012, -0.9721517562866211, 0.06878142803907394],
    [-0.09790224581956863, 0.9889360070228577, -0.111448273062706, 1.141068696975708],
    [0.0, 0.0, 0.0, 1.0]]'
  local_matrix: '[[0.9757649302482605, 0.07336532324552536, -0.2061559557914734, 0.0],
    [-0.19569861888885498, -0.1289304792881012, -0.9721517562866211, 0.0], [-0.09790201485157013,
    0.9889360070228577, -0.11144832521677017, -4.285460875053104e-14], [0.0, 0.0,
    0.0, 1.0]]'
- name: tweak_spine.003
  parent: MCH-spine.003
  head:
  - -8.214891522584367e-08
  - 0.21193397045135498
  - 0.7314416170120239
  tail:
  - -1.1696788249082601e-07
  - 0.15333403646945953
  - 0.8774829506874084
  matrix: '[[1.0, -2.2127014176476223e-07, 3.2720447507017525e-07, -8.214891522584367e-08],
    [2.2127014176476223e-07, -0.37239518761634827, -0.9280742406845093, 0.21193397045135498],
    [3.2720447507017525e-07, 0.9280742406845093, -0.37239503860473633, 0.7314416170120239],
    [0.0, 0.0, 0.0, 1.0]]'
  local_matrix: '[[1.0, -2.2127014176476223e-07, 3.2720447507017525e-07, 0.0], [2.2127014176476223e-07,
    -0.37239518761634827, -0.9280742406845093, 0.0], [3.2720447507017525e-07, 0.9280742406845093,
    -0.37239503860473633, 0.0], [0.0, 0.0, 0.0, 1.0]]'
- name: ORG-spine.003
  parent: tweak_spine.003
  head:
  - -8.214891522584367e-08
  - 0.21193397045135498
  - 0.7314416170120239
  tail:
  - -1.5178684975580836e-07
  - 0.09473410993814468
  - 1.023524284362793
  matrix: '[[1.0, -2.2127015597561694e-07, 3.272044466484658e-07, -8.214891522584367e-08],
    [2.2127012755390751e-07, -0.3723951578140259, -0.9280742406845093, 0.21193397045135498],
    [3.2720447507017525e-07, 0.9280742406845093, -0.37239500880241394, 0.7314416170120239],
    [0.0, 0.0, 0.0, 1.0]]'
  local_matrix: '[[1.0, -1.4210854715202004e-14, -1.4210854715202004e-14, 7.105427357601002e-15],
    [1.4210854715202004e-14, 1.0, 2.9802249557064897e-08, 1.8207657603852567e-14],
    [0.0, -2.980239344196889e-08, 1.0, -2.6867397195928788e-14], [0.0, 0.0, 0.0, 1.0]]'
- name: ORG-shoulder.L
  parent: ORG-spine.003
  head:
  - 0.013155925087630749
  - 0.03736502677202225
  - 0.9853501319885254
  tail:
  - 0.3568795323371887
  - 0.18435314297676086
  - 1.035470724105835
  matrix: '[[0.39318931102752686, 0.9113025069236755, -0.12218734622001648, 0.013155925087630749],
    [-0.9194574356079102, 0.38970455527305603, -0.05223160982131958, 0.03736502677202225],
    [1.8328428268432617e-05, 0.13288290798664093, 0.9911315441131592, 0.9853501319885254],
    [0.0, 0.0, 0.0, 1.0]]'
  local_matrix: '[[0.39318910241127014, 0.9113026261329651, -0.12218703329563141,
    0.013156051747500896], [0.3424183130264282, -0.021799027919769287, 0.9392946362495422,
    0.3006546199321747], [0.8533182144165039, -0.411159485578537, -0.32061782479286194,
    0.06745870411396027], [0.0, 0.0, 0.0, 1.0]]'
- name: MCH-upper_arm_parent.L
  parent: ORG-shoulder.L
  head:
  - 0.3800049126148224
  - -0.10339605808258057
  - 0.9650503396987915
  tail:
  - 0.3800049126148224
  - -0.043615296483039856
  - 0.9650503396987915
  matrix: '[[1.0, 1.2619423728210677e-07, -2.1606689415420988e-07, 0.3800049126148224],
    [-1.9697475295288314e-07, 1.0, -1.5646223516796454e-07, -0.10339605808258057],
    [2.309680269263481e-07, -1.1175873559921001e-08, 1.0, 0.9650503396987915], [0.0,
    0.0, 0.0, 1.0]]'
  local_matrix: '[[0.39318951964378357, -0.9194575548171997, 1.8227152395411395e-05,
    0.27366459369659424], [0.9113026261329651, 0.3897048234939575, 0.13288277387619019,
    0.27675771713256836], [-0.12218713760375977, -0.05223148316144943, 0.9911320209503174,
    -0.057591889053583145], [0.0, 0.0, 0.0, 1.0]]'
- name: upper_arm_fk.L
  parent: MCH-upper_arm_parent.L
  head:
  - 0.32571935653686523
  - -0.10288365185260773
  - 0.9725729823112488
  tail:
  - 0.46267497539520264
  - -0.2642558813095093
  - 0.9000647664070129
  matrix: '[[-0.162638321518898, 0.5727409720420837, -0.7217458486557007, 0.32571935653686523],
    [0.2592441737651825, -0.6748500466346741, -0.5939449667930603, -0.10288365185260773],
    [-0.8841618895530701, -0.30322539806365967, -0.04138725996017456, 0.9725729823112488],
    [0.0, 0.0, 0.0, 1.0]]'
  local_matrix: '[[-0.16263854503631592, 0.5727409720420837, -0.7217457890510559,
    -0.05428554117679596], [0.25924399495124817, -0.6748499870300293, -0.5939450860023499,
    0.000512399070430547], [-0.8841618299484253, -0.3032255470752716, -0.04138709977269173,
    0.007522625848650932], [0.0, 0.0, 0.0, 1.0]]'
- name: forearm_fk.L
  parent: upper_arm_fk.L
  head:
  - 0.46267497539520264
  - -0.2642558813095093
  - 0.9000647664070129
  tail:
  - 0.5622467398643494
  - -0.4245278835296631
  - 0.8347557783126831
  matrix: '[[-0.16263820230960846, 0.4665876626968384, -0.7945095300674438, 0.46267497539520264],
    [0.25924432277679443, -0.7510256767272949, -0.4941191077232361, -0.2642558813095093],
    [-0.8841618895530701, -0.30603429675102234, 0.0012669488787651062, 0.9000647664070129],
    [0.0, 0.0, 0.0, 1.0]]'
  local_matrix: '[[1.0, 7.450580596923828e-08, 2.0244624465703964e-07, 7.450580596923828e-08],
    [-5.21540641784668e-08, 0.9902451038360596, -0.13933749496936798, 0.2391231656074524],
    [-1.9744038581848145e-07, 0.139337420463562, 0.9902450442314148, -4.842877388000488e-08],
    [0.0, 0.0, 0.0, 1.0]]'
- name: MCH-hand_fk.L
  parent: forearm_fk.L
  head:
  - 0.5622467398643494
  - -0.4245278835296631
  - 0.8347557783126831
  tail:
  - 0.5718498826026917
  - -0.4388054311275482
  - 0.8298949003219604
  matrix: '[[-0.14306975901126862, 0.5370863676071167, -0.831305742263794, 0.5622467398643494],
    [0.2313864529132843, -0.7985175848007202, -0.5557249188423157, -0.4245278835296631],
    [-0.9622844457626343, -0.2718600034713745, -0.010030635632574558, 0.8347557783126831],
    [0.0, 0.0, 0.0, 1.0]]'
  local_matrix: '[[1.067018985748291, -0.061678461730480194, 2.777203917503357e-06,
    2.9802322387695312e-08], [0.061641015112400055, 1.0663731098175049, 0.03719024732708931,
    0.21340416371822357], [-0.0021489355713129044, -0.03712811321020126, 1.0681531429290771,
    -1.83936208486557e-08], [0.0, 0.0, 0.0, 1.0]]'
- name: hand_fk.L
  parent: MCH-hand_fk.L
  head:
  - 0.5622467398643494
  - -0.4245278835296631
  - 0.8347557783126831
  tail:
  - 0.5947560667991638
  - -0.4728613793849945
  - 0.8183003067970276
  matrix: '[[-0.12108480930328369, 0.4545466899871826, -0.7035502791404724, 0.5622467398643494],
    [0.19582635164260864, -0.6758010387420654, -0.4703214466571808, -0.4245278835296631],
    [-0.8144002556800842, -0.23008111119270325, -0.008487173356115818, 0.8347557783126831],
    [0.0, 0.0, 0.0, 1.0]]'
  local_matrix: '[[0.846319854259491, 6.705522537231445e-07, -2.023763954639435e-06,
    0.0], [-6.407499313354492e-07, 0.8463196754455566, -2.9569491744041443e-08, -4.470348358154297e-08],
    [2.0209699869155884e-06, 3.725290298461914e-09, 0.8463197946548462, 1.4901161193847656e-08],
    [0.0, 0.0, 0.0, 1.0]]'
- name: ORG-shoulder.R
  parent: ORG-spine.003
  head:
  - -0.01315621193498373
  - 0.03736502677202225
  - 0.9853501319885254
  tail:
  - -0.35687974095344543
  - 0.18435314297676086
  - 1.0354704856872559
  matrix: '[[0.39318937063217163, -0.911302387714386, 0.12218697369098663, -0.01315621193498373],
    [0.9194573760032654, 0.38970449566841125, -0.05223149061203003, 0.03736502677202225],
    [-1.8328428268432617e-05, 0.13288246095180511, 0.9911316633224487, 0.9853501319885254],
    [0.0, 0.0, 0.0, 1.0]]'
  local_matrix: '[[0.39318957924842834, -0.9113022685050964, 0.1221872866153717, -0.013156085275113583],
    [-0.34241846203804016, -0.021799013018608093, 0.9392946362495422, 0.3006546199321747],
    [-0.8533178567886353, -0.41115984320640564, -0.3206179141998291, 0.06745869666337967],
    [0.0, 0.0, 0.0, 1.0]]'
- name: MCH-upper_arm_parent.R
  parent: ORG-shoulder.R
  head:
  - -0.3800051212310791
  - -0.10339609533548355
  - 0.9650501608848572
  tail:
  - -0.3800051212310791
  - -0.043615300208330154
  - 0.9650501608848572
  matrix: '[[1.0, -2.840534918391313e-08, -2.1606686573250045e-07, -0.3800051212310791],
    [2.6589262347442855e-07, 1.0, -2.0861628513557662e-07, -0.10339609533548355],
    [2.9057267170173873e-07, -3.7252917195473856e-08, 1.0, 0.9650501608848572], [0.0,
    0.0, 0.0, 1.0]]'
  local_matrix: '[[0.39318960905075073, 0.9194576740264893, -1.8407767129247077e-05,
    -0.2736646234989166], [-0.9113028049468994, 0.38970494270324707, 0.13288277387619019,
    0.2767576575279236], [0.12218725681304932, -0.05223133787512779, 0.9911319613456726,
    -0.05759201943874359], [0.0, 0.0, 0.0, 1.0]]'
- name: upper_arm_fk.R
  parent: MCH-upper_arm_parent.R
  head:
  - -0.34937673807144165
  - -0.10199632495641708
  - 0.9983224868774414
  tail:
  - -0.48830896615982056
  - -0.26569756865501404
  - 0.9247677326202393
  matrix: '[[-0.16498592495918274, -0.5810070633888245, 0.7321624755859375, -0.34937673807144165],
    [-0.2629854679107666, -0.6845898628234863, -0.6025170087814331, -0.10199632495641708],
    [0.8969224095344543, -0.30760204792022705, -0.041984330862760544, 0.9983224868774414],
    [0.0, 0.0, 0.0, 1.0]]'
  local_matrix: '[[-0.16498573124408722, -0.5810071229934692, 0.7321624755859375,
    0.03062838688492775], [-0.2629852294921875, -0.6845897436141968, -0.6025171875953674,
    0.0013997660716995597], [0.8969224691390991, -0.3076018989086151, -0.04198456555604935,
    0.03327230364084244], [0.0, 0.0, 0.0, 1.0]]'
- name: forearm_fk.R
  parent: upper_arm_fk.R
  head:
  - -0.48830896615982056
  - -0.26569756865501404
  - 0.9247677326202393
  tail:
  - -0.589317798614502
  - -0.4282827377319336
  - 0.8585160970687866
  matrix: '[[-0.16498591005802155, -0.4733216464519501, 0.8059762716293335, -0.48830896615982056],
    [-0.2629855275154114, -0.7618649005889893, -0.5012504458427429, -0.26569756865501404],
    [0.8969224095344543, -0.3104513883590698, 0.0012856833636760712, 0.9247677326202393],
    [0.0, 0.0, 0.0, 1.0]]'
  local_matrix: '[[1.0000001192092896, -2.2351741790771484e-08, -3.818422555923462e-08,
    -5.21540641784668e-08], [7.450580596923828e-09, 0.99024498462677, -0.13933752477169037,
    0.23912307620048523], [5.960464477539063e-08, 0.13933755457401276, 0.9902451038360596,
    -2.60770320892334e-08], [0.0, 0.0, 0.0, 1.0]]'
- name: MCH-hand_fk.R
  parent: forearm_fk.R
  head:
  - -0.589317798614502
  - -0.4282827377319336
  - 0.8585160970687866
  tail:
  - -0.5989209413528442
  - -0.4425602853298187
  - 0.853655219078064
  matrix: '[[-0.14307022094726562, -0.5370863080024719, 0.8313056826591492, -0.589317798614502],
    [-0.23138613998889923, -0.7985175848007202, -0.5557249188423157, -0.4282827377319336],
    [0.962284505367279, -0.271860271692276, -0.010030189529061317, 0.8585160970687866],
    [0.0, 0.0, 0.0, 1.0]]'
  local_matrix: '[[1.0518385171890259, 0.060800932347774506, -2.7390196919441223e-06,
    5.21540641784668e-08], [-0.060764044523239136, 1.051201581954956, 0.036661189049482346,
    0.21340423822402954], [0.0021183835342526436, -0.03659982606768608, 1.0529563426971436,
    1.7345882952213287e-08], [0.0, 0.0, 0.0, 1.0]]'
- name: hand_fk.R
  parent: MCH-hand_fk.R
  head:
  - -0.589317798614502
  - -0.4282827377319336
  - 0.8585160970687866
  tail:
  - -0.6249879598617554
  - -0.48131561279296875
  - 0.8404606580734253
  matrix: '[[-0.13285808265209198, -0.4987412989139557, 0.7719550132751465, -0.589317798614502],
    [-0.2148658186197281, -0.7415079474449158, -0.516049861907959, -0.4282827377319336],
    [0.893582820892334, -0.25245168805122375, -0.009311916306614876, 0.8585160970687866],
    [0.0, 0.0, 0.0, 1.0]]'
  local_matrix: '[[0.928605854511261, -6.92903995513916e-07, 2.2472813725471497e-06,
    -5.21540641784668e-08], [6.780028343200684e-07, 0.9286057949066162, -7.753260433673859e-08,
    -2.9802322387695312e-08], [-2.237968146800995e-06, 8.614733815193176e-08, 0.928605854511261,
    3.5390257835388184e-08], [0.0, 0.0, 0.0, 1.0]]'
- name: shoulder.L
  parent: ORG-spine.003
  head:
  - 0.013155925087630749
  - 0.03736502677202225
  - 0.9853501319885254
  tail:
  - 0.3568795323371887
  - 0.18435314297676086
  - 1.035470724105835
  matrix: '[[0.39318931102752686, 0.9113025069236755, -0.12218734622001648, 0.013155925087630749],
    [-0.9194574356079102, 0.38970455527305603, -0.05223160982131958, 0.03736502677202225],
    [1.8328428268432617e-05, 0.13288290798664093, 0.9911315441131592, 0.9853501319885254],
    [0.0, 0.0, 0.0, 1.0]]'
  local_matrix: '[[0.39318910241127014, 0.9113026261329651, -0.12218703329563141,
    0.013156051747500896], [0.3424183130264282, -0.021799027919769287, 0.9392946362495422,
    0.3006546199321747], [0.8533182144165039, -0.411159485578537, -0.32061782479286194,
    0.06745870411396027], [0.0, 0.0, 0.0, 1.0]]'
- name: shoulder.R
  parent: ORG-spine.003
  head:
  - -0.01315621193498373
  - 0.03736502677202225
  - 0.9853501319885254
  tail:
  - -0.35687974095344543
  - 0.18435314297676086
  - 1.0354704856872559
  matrix: '[[0.39318937063217163, -0.911302387714386, 0.12218697369098663, -0.01315621193498373],
    [0.9194573760032654, 0.38970449566841125, -0.05223149061203003, 0.03736502677202225],
    [-1.8328428268432617e-05, 0.13288246095180511, 0.9911316633224487, 0.9853501319885254],
    [0.0, 0.0, 0.0, 1.0]]'
  local_matrix: '[[0.39318957924842834, -0.9113022685050964, 0.1221872866153717, -0.013156085275113583],
    [-0.34241846203804016, -0.021799013018608093, 0.9392946362495422, 0.3006546199321747],
    [-0.8533178567886353, -0.41115984320640564, -0.3206179141998291, 0.06745869666337967],
    [0.0, 0.0, 0.0, 1.0]]'
- name: hips
  parent: torso
  head:
  - -5.587935447692871e-09
  - 0.27859532833099365
  - 0.41032159328460693
  tail:
  - -5.587935447692871e-09
  - 0.5059546828269958
  - 0.41032159328460693
  matrix: '[[0.9994808435440063, 0.0, 0.032218363136053085, -5.587935447692871e-09],
    [0.0, 1.0, 0.0, 0.27859532833099365], [-0.032218363136053085, 0.0, 0.9994808435440063,
    0.41032159328460693], [0.0, 0.0, 0.0, 1.0]]'
  local_matrix: '[[0.9994808435440063, 0.0, 0.032218124717473984, 0.003235878422856331],
    [0.0, 1.0, 0.0, 0.021224021911621094], [-0.032218124717473984, 0.0, 0.9994808435440063,
    0.2063533216714859], [0.0, 0.0, 0.0, 1.0]]'
- name: MCH-spine.001
  parent: torso
  head:
  - -5.587935447692871e-09
  - 0.27859532833099365
  - 0.41032159328460693
  tail:
  - -5.587935447692871e-09
  - 0.3695390820503235
  - 0.41032159328460693
  matrix: '[[0.9994808435440063, 0.0, 0.032218363136053085, -5.587935447692871e-09],
    [0.0, 1.0, 0.0, 0.27859532833099365], [-0.032218363136053085, 0.0, 0.9994808435440063,
    0.41032159328460693], [0.0, 0.0, 0.0, 1.0]]'
  local_matrix: '[[0.9994808435440063, 0.0, 0.032218124717473984, 0.003235878422856331],
    [0.0, 1.0, 0.0, 0.021224021911621094], [-0.032218124717473984, 0.0, 0.9994808435440063,
    0.2063533216714859], [0.0, 0.0, 0.0, 1.0]]'
- name: MCH-spine
  parent: MCH-spine.001
  head:
  - -0.003235933370888233
  - 0.24371199309825897
  - 0.2569519877433777
  tail:
  - -0.003235933370888233
  - 0.3346557319164276
  - 0.2569519877433777
  matrix: '[[1.0, 0.0, 0.0, -0.003235933370888233], [0.0, 1.0, 0.0, 0.24371199309825897],
    [0.0, 0.0, 1.0, 0.2569519877433777], [0.0, 0.0, 0.0, 1.0]]'
  local_matrix: '[[0.9994808435440063, 0.0, -0.032218363136053085, 0.0017070702742785215],
    [0.0, 1.0, 0.0, -0.03488333523273468], [0.032218363136053085, 0.0, 0.9994808435440063,
    -0.15339423716068268], [0.0, 0.0, 0.0, 1.0]]'
- name: tweak_spine
  parent: MCH-spine
  head:
  - -0.003235907992348075
  - 0.27103060483932495
  - 0.15098455548286438
  tail:
  - -0.0032359205652028322
  - 0.25737130641937256
  - 0.20396827161312103
  matrix: '[[1.0, -2.308699720288132e-07, 2.979372766276356e-07, -0.003235907992348075],
    [2.308699720288132e-07, -0.24963951110839844, -0.9683388471603394, 0.27103060483932495],
    [2.979372766276356e-07, 0.9683388471603394, -0.24963951110839844, 0.15098455548286438],
    [0.0, 0.0, 0.0, 1.0]]'
  local_matrix: '[[1.0, -2.308699720288132e-07, 2.979372766276356e-07, 2.537854015827179e-08],
    [2.308699720288132e-07, -0.24963951110839844, -0.9683388471603394, 0.02731861174106598],
    [2.979372766276356e-07, 0.9683388471603394, -0.24963951110839844, -0.1059674322605133],
    [0.0, 0.0, 0.0, 1.0]]'
- name: ORG-spine
  parent: tweak_spine
  head:
  - -0.003235907992348075
  - 0.27103060483932495
  - 0.15098455548286438
  tail:
  - -0.003235933370888233
  - 0.24371199309825897
  - 0.2569519877433777
  matrix: '[[1.0, -2.3086994360710378e-07, 2.979372766276356e-07, -0.003235907992348075],
    [2.3086992939624906e-07, -0.249639630317688, -0.9683387875556946, 0.27103060483932495],
    [2.97937305049345e-07, 0.9683387279510498, -0.24963964521884918, 0.15098455548286438],
    [0.0, 0.0, 0.0, 1.0]]'
  local_matrix: '[[1.0, -3.907985046680551e-14, -1.4210854715202004e-14, -1.1006306976923952e-11],
    [3.907985046680551e-14, 0.9999999403953552, -1.4901168299275014e-07, 7.470739582515762e-10],
    [3.552713678800501e-14, 1.4901154088420299e-07, 1.0, -9.640975795477402e-10],
    [0.0, 0.0, 0.0, 1.0]]'
- name: ORG-thigh.L
  parent: ORG-spine
  head:
  - 0.29591241478919983
  - 0.22638872265815735
  - 0.23342552781105042
  tail:
  - 0.33434954285621643
  - 0.1991407573223114
  - 0.12731969356536865
  matrix: '[[0.5927663445472717, 0.32667386531829834, -0.717962920665741, 0.29591241478919983],
    [0.7886937856674194, -0.2315780371427536, 0.5457953214645386, 0.22638872265815735],
    [0.012194992043077946, -0.9017841815948486, -0.4002443850040436, 0.23342552781105042],
    [0.0, 0.0, 0.0, 1.0]]'
  local_matrix: '[[0.592766523361206, 0.3266735374927521, -0.717962920665741, 0.2991483509540558],
    [-0.18508051335811615, -0.8154217600822449, -0.5238242149353027, 0.09097510576248169],
    [-0.7667670249938965, 0.4493671953678131, -0.4285981357097626, 0.022648008540272713],
    [0.0, 0.0, 0.0, 1.0]]'
- name: ORG-shin.L
  parent: ORG-thigh.L
  head:
  - 0.33434954285621643
  - 0.1991407573223114
  - 0.12731969356536865
  tail:
  - 0.3013584017753601
  - 0.22497664391994476
  - 0.06003472954034805
  matrix: '[[0.5891559720039368, -0.4081646203994751, -0.6693512797355652, 0.33434954285621643],
    [0.7838895320892334, 0.3196403384208679, 0.4950576722621918, 0.1991407573223114],
    [0.012120813131332397, -0.8324460983276367, 0.5182870626449585, 0.12731969356536865],
    [0.0, 0.0, 0.0, 1.0]]'
  local_matrix: '[[0.9939088821411133, 3.771856427192688e-07, 3.259629011154175e-07,
    -4.7031790018081665e-08], [3.259629011154175e-08, 0.5580846071243286, -0.8224332332611084,
    0.11766211688518524], [-3.0407682061195374e-07, 0.8224332332611084, 0.5580846071243286,
    2.2351741790771484e-08], [0.0, 0.0, 0.0, 1.0]]'
- name: ORG-foot.L
  parent: ORG-shin.L
  head:
  - 0.3013584017753601
  - 0.22497664391994476
  - 0.06003472954034805
  tail:
  - 0.342110812664032
  - 0.12140796333551407
  - 0.03122476488351822
  matrix: '[[0.9305543899536133, 0.35447293519973755, -0.09175851196050644, 0.3013584017753601],
    [0.36615705490112305, -0.9008617401123047, 0.2331911027431488, 0.22497664391994476],
    [-1.1311243497402756e-07, -0.25059500336647034, -0.9680953621864319, 0.06003472954034805],
    [0.0, 0.0, 0.0, 1.0]]'
  local_matrix: '[[0.8685022592544556, -0.5202822089195251, 0.12165708839893341, -1.4493707567453384e-08],
    [-0.27323639392852783, -0.23294182121753693, 0.9543972015380859, 0.08082801103591919],
    [-0.45916953682899475, -0.8454779386520386, -0.33781611919403076, -1.4901161193847656e-08],
    [0.0, 0.0, 0.0, 1.0]]'
- name: MCH-toe.L
  parent: ORG-foot.L
  head:
  - 0.342110812664032
  - 0.12140796333551407
  - 0.03122476488351822
  tail:
  - 0.3520698845386505
  - 0.09421811252832413
  - 0.02573305554687977
  matrix: '[[-0.9387021064758301, 0.33791035413742065, 0.06824460625648499, 0.342110812664032],
    [-0.3447059690952301, -0.9225495457649231, -0.17344117164611816, 0.12140796333551407],
    [0.004350284114480019, -0.18633326888084412, 0.9824799299240112, 0.03122476488351822],
    [0.0, 0.0, 0.0, 1.0]]'
  local_matrix: '[[-0.9997274875640869, -0.023353539407253265, -3.1350296012533363e-06,
    1.8439198612441032e-08], [-0.023302718997001648, 0.9975631237030029, -0.06576612591743469,
    0.11496622860431671], [0.001538463868200779, -0.06574874371290207, -0.9978348612785339,
    -1.862645149230957e-09], [0.0, 0.0, 0.0, 1.0]]'
- name: toe.L
  parent: MCH-toe.L
  head:
  - 0.342110812664032
  - 0.12140795588493347
  - 0.03122476302087307
  tail:
  - 0.3719879984855652
  - 0.039838410913944244
  - 0.014749640598893166
  matrix: '[[-0.9387021660804749, 0.3379102349281311, 0.06824448704719543, 0.342110812664032],
    [-0.34470584988594055, -0.9225496053695679, -0.17344117164611816, 0.12140795588493347],
    [0.004350192844867706, -0.18633323907852173, 0.9824799299240112, 0.03122476302087307],
    [0.0, 0.0, 0.0, 1.0]]'
  local_matrix: '[[1.0, 1.3282988220453262e-07, 1.0896474123001099e-07, -3.521563485264778e-09],
    [-1.1024530977010727e-07, 1.0, -3.166496753692627e-08, 2.0256265997886658e-08],
    [-1.0803341865539551e-07, 5.21540641784668e-08, 0.9999999403953552, -5.587935447692871e-09],
    [0.0, 0.0, 0.0, 1.0]]'
- name: ORG-thigh.R
  parent: ORG-spine
  head:
  - -0.29591241478919983
  - 0.22638872265815735
  - 0.23342540860176086
  tail:
  - -0.33434954285621643
  - 0.19914068281650543
  - 0.1273196041584015
  matrix: '[[0.5927661061286926, -0.326673686504364, 0.7179627418518066, -0.29591241478919983],
    [-0.7886937260627747, -0.2315787523984909, 0.5457949042320251, 0.22638872265815735],
    [-0.012194097973406315, -0.9017840027809143, -0.40024444460868835, 0.23342540860176086],
    [0.0, 0.0, 0.0, 1.0]]'
  local_matrix: '[[0.5927659273147583, -0.3266740143299103, 0.7179627418518066, -0.29267647862434387],
    [0.1850810945034027, -0.8154212236404419, -0.5238245129585266, 0.09097514301538467],
    [0.7667670845985413, 0.4493676424026489, -0.42859727144241333, 0.022647863253951073],
    [0.0, 0.0, 0.0, 1.0]]'
- name: ORG-shin.R
  parent: ORG-thigh.R
  head:
  - -0.33434954285621643
  - 0.19914068281650543
  - 0.1273196041584015
  tail:
  - -0.30135825276374817
  - 0.22497662901878357
  - 0.06003475934267044
  matrix: '[[0.5891557335853577, 0.40816664695739746, 0.6693498492240906, -0.33434954285621643],
    [-0.7838893532752991, 0.3196410536766052, 0.49505701661109924, 0.19914068281650543],
    [-0.012119928374886513, -0.8324446678161621, 0.5182889699935913, 0.1273196041584015],
    [0.0, 0.0, 0.0, 1.0]]'
  local_matrix: '[[0.993908703327179, -3.390014171600342e-07, -2.3562461137771606e-07,
    -3.67872416973114e-08], [-6.332993507385254e-08, 0.5580822825431824, -0.8224345445632935,
    0.11766213178634644], [4.223547875881195e-07, 0.8224349617958069, 0.5580822825431824,
    -3.725290298461914e-08], [0.0, 0.0, 0.0, 1.0]]'
- name: ORG-foot.R
  parent: ORG-shin.R
  head:
  - -0.30135825276374817
  - 0.22497662901878357
  - 0.06003475934267044
  tail:
  - -0.34211069345474243
  - 0.12140791118144989
  - 0.031224800273776054
  matrix: '[[0.9305541515350342, -0.3544729948043823, 0.09175840020179749, -0.30135825276374817],
    [-0.366157203912735, -0.9008617401123047, 0.23319096863269806, 0.22497662901878357],
    [2.568863237684127e-07, -0.2505948841571808, -0.9680942893028259, 0.06003475934267044],
    [0.0, 0.0, 0.0, 1.0]]'
  local_matrix: '[[0.8685024976730347, 0.5202821493148804, -0.1216578334569931, -6.007030606269836e-08],
    [0.2732379734516144, -0.23294365406036377, 0.9543953537940979, 0.080827996134758],
    [0.45916837453842163, -0.8454777002334595, -0.3378182053565979, -2.2351741790771484e-08],
    [0.0, 0.0, 0.0, 1.0]]'
- name: MCH-toe.R
  parent: ORG-foot.R
  head:
  - -0.34211069345474243
  - 0.12140791118144989
  - 0.031224800273776054
  tail:
  - -0.35206976532936096
  - 0.09421805292367935
  - 0.025733092799782753
  matrix: '[[-0.938701868057251, -0.33791011571884155, -0.06824453920125961, -0.34211069345474243],
    [0.3447057604789734, -0.9225494265556335, -0.1734408587217331, 0.12140791118144989],
    [-0.004350404255092144, -0.18633313477039337, 0.9824789762496948, 0.031224800273776054],
    [0.0, 0.0, 0.0, 1.0]]'
  local_matrix: '[[-0.9997273087501526, 0.0233538206666708, 3.031896994798444e-06,
    -1.3082267713571127e-08], [0.023303018882870674, 0.9975628852844238, -0.06576630473136902,
    0.1149662584066391], [-0.0015385588631033897, -0.06574877351522446, -0.9978349208831787,
    1.862645149230957e-09], [0.0, 0.0, 0.0, 1.0]]'
- name: toe.R
  parent: MCH-toe.R
  head:
  - -0.34211069345474243
  - 0.12140791118144989
  - 0.031224800273776054
  tail:
  - -0.37198787927627563
  - 0.03983832150697708
  - 0.01474967785179615
  matrix: '[[-0.938701868057251, -0.3379100561141968, -0.068244569003582, -0.34211069345474243],
    [0.3447057008743286, -0.9225494265556335, -0.1734408140182495, 0.12140791118144989],
    [-0.004350454546511173, -0.18633310496807098, 0.9824789762496948, 0.031224800273776054],
    [0.0, 0.0, 0.0, 1.0]]'
  local_matrix: '[[1.0, -5.797483026981354e-08, 3.864988684654236e-08, 4.1676685214042664e-08],
    [9.901123121380806e-08, 0.9999999403953552, -3.5390257835388184e-08, 1.210719347000122e-08],
    [-3.864988684654236e-08, 3.91155481338501e-08, 1.0, 1.862645149230957e-09], [0.0,
    0.0, 0.0, 1.0]]'
- name: MCH-foot_ik_socket.R
  parent: null
  head:
  - -0.30135834217071533
  - 0.22497642040252686
  - 0.06003611534833908
  tail:
  - -0.33396032452583313
  - 0.14212149381637573
  - 0.03698815405368805
  matrix: '[[0.9305541515350342, -0.35447341203689575, 0.09175747632980347, -0.30135834217071533],
    [-0.3661574125289917, -0.9008615612983704, 0.2331913560628891, 0.22497642040252686],
    [-8.940696716308594e-07, -0.2505948841571808, -0.9680927991867065, 0.06003611534833908],
    [0.0, 0.0, 0.0, 1.0]]'
  local_matrix: '[[0.9305541515350342, -0.35447341203689575, 0.09175747632980347,
    -0.30135834217071533], [-0.3661574125289917, -0.9008615612983704, 0.2331913560628891,
    0.22497642040252686], [-8.940696716308594e-07, -0.2505948841571808, -0.9680927991867065,
    0.06003611534833908], [0.0, 0.0, 0.0, 1.0]]'
- name: foot_ik.R
  parent: MCH-foot_ik_socket.R
  head:
  - -0.342110812664032
  - 0.12140776216983795
  - 0.03122616373002529
  tail:
  - -0.34211087226867676
  - 0.23637406527996063
  - 0.031226230785250664
  matrix: '[[1.0000008344650269, -5.923211574554443e-07, 4.470348358154297e-07, -0.342110812664032],
    [-1.7508864402770996e-07, 1.0000004768371582, 1.4901161193847656e-07, 0.12140776216983795],
    [-1.7508864402770996e-06, 5.811452865600586e-07, 1.0000007152557373, 0.03122616373002529],
    [0.0, 0.0, 0.0, 1.0]]'
  local_matrix: '[[0.9305530190467834, -0.36615705490112305, 1.0096273399540223e-06,
    1.6515482315071495e-08], [-0.3544735014438629, -0.9008611440658569, -0.250594824552536,
    0.11496623605489731], [0.09175790101289749, 0.23319141566753387, -0.9680920839309692,
